name,0,1,2,3,4,5,6,7,8,9,10,11,12,13,14,15,16,17,18,19
VGkpq2nA,5,3,1,2,6,5,1,1,9,4,1,3,1,6,6,5,3,6,1,2
qaOQb3eK,2,2,1,9,6,5,2,2,7,1,6,0,6,5,3,7,2,5,6,1
L4As2WwC,3,7,0,9,1,7,8,4,4,2,3,9,6,1,9,5,2,3,7,0
GwjnS6ol,7,4,2,2,9,8,5,1,2,5,6,7,0,5,4,5,3,8,4,5
flbau4AU,7,2,0,8,3,3,0,2,9,2,9,4,7,1,4,6,0,8,9,3
Ae9ulFc6,4,4,3,4,3,3,9,0,3,3,9,6,8,9,2,2,2,4,2,4
R9heSxPJ,7,5,5,6,0,8,4,8,5,7,2,7,5,3,0,0,5,0,5,0
k5ZLNay9,9,2,2,8,8,4,8,6,3,2,8,6,9,4,6,6,3,2,9,2
byIio2mR,9,8,4,9,0,8,4,7,0,6,9,7,3,7,5,8,2,5,7,3
G1YZDOe8,8,7,3,7,6,8,4,8,3,3,1,0,3,6,3,8,9,9,7,6
g1TuhAHa,7,3,9,4,2,1,4,5,2,8,1,0,8,9,3,8,5,3,2,3
FRj6sZoe,2,6,1,8,5,5,6,1,8,0,7,0,6,3,3,6,4,0,9,8
3AmaxSgC,9,9,3,1,2,5,0,3,6,4,1,8,6,4,9,4,7,3,5,5
pGCju4Vd,3,8,0,9,3,0,0,7,3,5,2,4,5,6,6,7,2,3,2,1
qcOTGYto,2,1,4,4,2,7,8,0,9,5,7,0,4,9,4,8,6,9,9,9
TfbGHpzP,7,2,1,2,1,9,2,0,2,9,1,5,9,0,2,6,1,2,6,9
L9brMInH,7,5,6,0,6,8,5,6,4,7,8,2,7,6,4,2,8,9,2,0
tcO16HVp,0,7,7,9,1,6,6,3,6,6,6,3,8,0,9,3,1,4,9,2
G1wfOWNl,6,0,3,2,2,3,1,0,6,3,7,4,5,2,0,8,3,3,2,8
GTnIaHlR,6,2,6,0,2,1,6,1,9,7,5,1,1,5,7,8,5,2,1,0
mj1bVYTC,9,4,2,9,2,8,5,1,8,6,4,0,6,9,5,9,3,1,3,1
A2EIDpa0,7,7,7,6,4,9,7,6,4,9,7,1,2,2,0,5,6,1,2,3
9FCqPYdA,5,7,7,8,2,6,5,0,3,0,8,9,5,9,7,0,6,6,1,8
H07CPDqG,0,1,1,0,2,8,6,1,3,8,7,6,6,6,9,4,3,8,8,8
goXnD9Hh,0,3,4,4,8,0,1,5,2,8,4,7,8,1,7,4,3,4,8,7
TtSlR3Ex,6,2,7,0,4,5,7,1,3,1,3,0,2,6,7,2,0,5,8,2
XOlNQZpt,5,8,9,1,7,5,9,8,7,1,7,0,8,9,8,9,5,0,7,3
IFxn0GvU,9,6,5,2,9,2,1,3,1,7,1,4,1,8,4,4,7,9,9,0
srWNZtyK,3,2,1,4,8,7,4,9,5,1,0,8,6,1,1,4,1,1,4,2
jR4nv8fZ,1,5,9,0,8,0,1,0,1,1,0,1,2,2,2,4,6,9,3,4
JbvFK5mk,2,3,8,3,2,2,7,9,3,1,1,3,4,9,9,3,0,2,1,7
UtPNMCq7,4,2,6,1,1,6,7,4,3,0,6,5,2,2,7,6,8,2,2,7
g8IC0aLK,2,5,7,7,4,7,7,5,1,8,8,0,3,2,0,7,5,0,2,7
kZAUlcvh,1,1,9,3,9,0,4,3,2,4,7,6,0,8,3,8,2,8,6,2
0PbviE6y,5,7,2,9,6,2,0,1,0,1,0,0,1,7,2,1,6,3,4,6
xa9GJgQu,5,1,2,6,8,6,2,4,1,4,9,5,7,3,0,9,1,4,2,1
A1EhV5fB,1,3,2,2,0,2,7,8,5,5,7,9,5,0,3,3,8,3,5,8
k3ejUHTZ,4,9,3,3,8,1,0,4,3,5,3,9,9,4,5,5,5,4,1,1
GOwyPLaC,6,1,9,5,8,2,5,8,9,3,1,1,1,3,2,8,7,8,0,5
z7UAaGRp,9,7,4,9,6,8,2,9,8,2,8,8,1,4,5,0,6,4,0,2
CwTPiedc,4,0,9,2,6,9,1,0,7,4,6,2,9,8,1,3,7,2,4,0
DzFX3akA,5,7,8,6,8,9,7,2,0,2,1,6,3,2,4,6,0,4,2,4
iY1OqgoW,2,3,0,8,2,5,8,5,3,2,9,0,0,6,3,4,3,2,1,3
DzEQSNn2,3,5,6,8,6,0,9,4,9,3,4,5,7,8,8,6,4,2,0,1
iOKyAIMq,6,1,3,0,2,0,6,0,2,5,0,6,5,4,6,7,5,3,1,3
rFHh1md5,0,6,1,7,8,0,9,9,2,3,2,1,9,1,3,5,9,3,9,5
tbITEDrC,2,2,9,3,8,8,7,5,5,5,9,0,2,7,7,3,6,9,3,6
oSwMFd8j,0,4,3,3,5,2,1,8,8,9,7,4,0,1,1,1,8,9,1,1
2Ol5mI9u,0,6,9,1,6,1,8,7,2,6,5,6,8,6,2,9,2,1,9,1
dvuacoFG,4,2,8,0,7,7,7,0,1,3,6,8,3,8,6,0,5,3,7,3
ZoxYL0gr,4,3,5,7,0,0,3,7,1,3,8,0,7,2,2,8,5,6,6,5
owb9viGy,1,3,2,0,9,9,0,2,6,1,3,2,7,3,1,9,3,2,1,7
wDJubVZ1,9,9,7,5,8,0,8,6,3,3,6,8,1,1,6,0,4,7,8,4
QMxyjSO7,8,8,6,4,5,5,5,4,7,4,0,2,8,4,3,1,9,0,1,0
Z7G4Tf0F,7,1,8,0,8,2,8,2,8,2,4,4,8,2,0,2,8,3,8,2
x5az2jgN,8,8,0,2,7,0,8,1,2,4,9,5,0,2,2,5,6,9,3,7
5GxfKFHo,4,0,0,5,4,6,8,1,7,3,9,7,9,5,2,9,9,0,6,2
MZqjno94,7,1,3,4,1,5,1,9,6,5,7,9,8,6,5,5,7,7,3,0
JgvBUoOp,1,8,9,7,8,0,6,3,7,2,4,8,8,9,7,3,2,7,6,8
eajvuQsH,2,5,7,8,0,8,9,2,3,7,3,7,8,9,7,9,6,8,6,7
CofLFiVb,2,7,7,2,2,3,4,2,9,5,7,2,7,4,3,6,2,0,0,5
5OHY0WUA,5,8,3,3,9,7,4,8,3,7,2,8,1,5,4,9,1,1,0,6
AS9I3f2E,3,4,6,1,0,7,7,7,3,0,3,7,5,9,4,7,1,1,5,8
PlpF7e4Z,4,8,9,1,2,2,3,0,7,6,8,1,9,6,1,1,0,5,6,9
1d9m7U6q,6,3,8,6,4,3,4,2,6,5,6,3,7,9,5,9,7,9,1,8
bnVuOX7g,1,7,4,8,1,9,6,8,1,0,2,0,2,6,6,3,7,0,5,8
0dlBwZ59,3,3,2,1,5,8,0,6,1,8,1,2,4,6,2,9,0,6,9,7
NE4pj96l,3,3,9,0,5,3,5,2,1,2,5,5,6,6,5,8,2,2,6,0
TSLNB0G5,0,2,4,0,7,0,1,6,7,6,9,5,9,9,5,9,2,7,2,2
RzGQPkln,5,8,8,3,4,8,0,8,5,9,4,4,9,8,4,6,2,9,3,4
n7gisLGj,7,7,8,5,3,0,4,0,5,9,3,3,4,6,2,1,0,4,4,7
X2kVbNUQ,5,6,2,1,0,7,8,8,5,9,6,8,3,6,4,6,0,9,3,1
ruXEMbZn,3,9,8,1,2,4,2,4,8,3,3,1,4,3,0,1,2,6,8,0
et1Xrk3z,9,7,2,8,5,6,3,0,2,0,1,3,7,7,3,1,9,0,2,8
0uMHDYB8,1,6,4,3,9,7,4,5,9,9,1,8,2,3,9,9,9,5,0,1
quM0EQXs,3,9,8,4,4,2,8,0,7,8,0,9,6,5,4,8,6,5,7,8
KJo4uPUg,0,5,3,2,1,6,3,6,4,4,7,2,4,4,7,2,9,8,0,7
YhUpEvNK,0,1,1,3,6,4,9,5,4,2,8,4,6,6,8,2,6,8,6,5
3NeH85sY,3,8,9,7,9,4,3,1,3,7,1,6,7,6,9,1,6,2,0,0
BETRWXO9,1,1,1,8,2,4,0,1,5,1,7,2,2,1,0,4,8,4,1,7
aXwM76iG,0,6,1,4,8,9,9,7,1,0,0,0,3,0,2,6,1,2,9,5
vzXJx3tw,2,2,8,7,8,5,3,0,8,7,2,9,8,8,9,3,6,4,8,6
CbRKwBpn,0,1,0,2,1,2,3,0,7,1,9,6,5,7,2,6,4,7,8,2
bEnO8SNA,2,2,6,1,0,2,9,6,4,6,7,1,7,0,3,8,1,1,5,3
wPV9Sn7h,4,5,1,8,0,9,2,5,8,0,7,7,5,2,6,8,8,4,7,2
0NPdfQUu,3,5,2,1,1,2,8,1,2,2,5,4,8,9,8,7,8,6,6,2
8DmUzJ9X,4,2,1,9,5,2,5,5,7,0,8,7,0,1,4,2,3,6,0,2
iUSnafLR,3,0,8,2,7,0,7,9,4,6,2,0,5,6,3,4,3,8,7,4
iLzRge0k,3,4,4,0,8,1,1,4,0,2,1,4,4,5,1,4,7,5,3,2
m9bhlBSp,2,1,8,4,0,1,9,1,0,1,4,0,7,6,2,6,4,8,1,8
8wh6JW1O,6,2,0,5,3,4,8,3,5,0,1,3,8,6,3,4,5,1,0,5
4oAOYil7,3,2,1,6,7,6,3,8,2,0,9,3,6,6,5,6,2,8,2,3
uGwWsXxd,3,2,3,1,3,0,6,6,3,2,5,3,4,1,4,6,9,8,5,5
lvEDbc7B,6,7,3,0,1,9,0,8,5,7,6,1,7,9,2,5,0,0,1,3
T2LCpIFV,1,4,3,0,0,9,8,0,4,6,5,2,3,1,1,2,5,5,4,3
0298gEGV,0,6,0,1,1,5,8,0,5,5,8,7,7,9,6,8,9,7,1,1
cheQV35I,2,2,1,3,9,4,9,6,1,5,0,7,7,7,7,0,8,3,9,1
yiAc7z3e,9,2,4,4,8,0,2,4,0,4,6,7,5,5,0,0,2,2,9,0
q3EVP0L9,1,4,4,8,2,7,1,4,9,9,1,2,9,4,9,9,2,3,6,4
QGBbNveU,3,7,7,4,9,7,8,4,4,7,7,0,3,8,1,8,9,2,1,5
jD0dftNR,6,0,4,6,9,5,0,2,6,2,6,5,3,0,1,5,0,7,4,5
vturMBjw,2,3,3,6,8,5,2,4,9,7,3,5,0,4,1,7,8,0,6,7
80jNZz9U,8,4,9,2,6,2,0,9,6,9,5,4,6,6,8,1,5,7,1,7
pKQMLB4j,8,7,3,6,9,0,1,4,2,8,2,7,8,4,2,0,1,1,1,0
ueVUa9iw,2,0,6,2,4,5,0,8,4,1,4,8,0,1,8,5,0,1,6,9
62FXuoih,3,7,2,1,9,8,1,5,8,2,2,6,6,9,7,7,3,7,1,4
reDuovlh,5,5,2,7,2,5,7,8,3,0,1,8,8,4,6,0,9,1,0,5
mKDZBJiP,4,6,0,0,7,2,0,9,3,1,7,3,7,3,7,7,3,2,3,0
1yuVQXSt,4,2,8,3,7,2,5,2,7,3,5,5,4,8,2,2,2,7,8,1
iUrQfXTA,2,2,5,5,1,4,8,4,3,4,4,8,6,3,7,6,6,7,9,3
WLAP48ZK,9,5,9,8,4,2,0,0,0,0,3,9,4,4,4,9,2,3,5,8
n4zI69aw,0,3,0,0,2,3,0,8,3,4,7,4,8,4,4,4,5,6,2,8
1RT7kp9M,3,1,3,3,2,7,8,7,5,9,1,2,4,9,6,9,1,4,6,3
0McmARge,0,8,5,0,2,2,4,6,8,9,9,0,2,5,4,0,2,9,2,8
CuSdZ7rP,8,3,8,5,5,9,3,0,9,6,5,0,7,9,3,4,5,5,1,3
nM1Uu25J,0,7,0,5,1,3,3,5,7,0,2,7,9,9,6,0,9,9,5,3
Om3EVSaT,2,6,4,0,4,8,6,2,7,3,8,1,5,8,9,2,2,4,6,1
BkMvlFxi,9,0,3,5,4,5,5,4,5,5,4,6,2,2,9,1,1,3,0,7
qjcCnhJz,5,1,7,7,9,0,8,9,3,1,8,9,2,5,6,5,9,0,6,9
evzJmjVN,0,1,4,7,3,6,1,0,9,7,6,5,2,1,8,1,9,7,0,3
RHwI8sD3,5,3,3,3,0,1,0,5,2,9,5,9,5,5,2,8,7,2,2,7
2a91IlbN,8,2,3,9,5,1,8,4,7,4,2,0,8,2,6,3,8,7,4,0
rMuvREpf,2,2,1,0,1,4,0,3,2,0,0,8,6,0,6,6,8,9,3,6
3Ehtiy97,4,5,9,9,8,4,9,5,8,2,6,0,2,7,7,5,2,2,6,7
8GNhcm2J,1,8,8,8,0,3,5,3,8,0,3,8,3,9,4,5,9,4,2,6
7bkuePCx,5,9,6,2,8,9,4,7,2,2,4,9,9,3,5,4,1,4,8,6
HD3a2NPu,1,1,5,4,5,7,8,5,5,0,7,9,3,6,1,5,2,2,9,4
AuVSzc5p,1,5,2,4,0,5,0,5,8,6,8,0,8,2,2,5,4,1,5,4
kUW6vQip,4,7,6,2,8,7,7,1,9,4,3,2,9,2,9,8,3,6,3,8
mjFe7aRf,4,3,0,1,2,7,0,1,1,8,2,4,5,8,6,2,8,9,8,2
lsrWbD8A,6,5,9,4,5,6,6,2,1,5,9,4,2,3,5,1,7,5,3,5
rOCAj6i9,1,0,1,4,8,9,5,8,8,9,7,6,7,6,6,1,4,9,6,2
kLtGz8P0,0,6,3,1,3,5,3,2,9,4,7,2,3,6,1,6,3,3,6,2
mJ0t7Yfs,4,2,3,9,7,6,7,8,4,7,4,1,1,4,7,4,9,4,6,8
JPwXzQDg,0,7,0,4,7,5,6,0,6,8,3,6,2,2,0,5,4,0,6,7
J3gFikZH,1,1,3,9,7,8,9,7,9,2,9,0,2,9,0,8,5,2,5,0
Sn0ikyva,7,0,7,9,4,9,2,9,5,5,7,2,9,1,7,2,2,7,3,0
Ea4bceFh,0,9,3,5,7,8,7,9,2,7,2,4,1,9,1,3,7,2,5,8
qkyrcPHa,0,0,2,8,8,2,4,1,4,4,5,4,0,3,8,4,0,4,7,7
OAVZfrap,8,8,1,0,5,8,7,6,5,4,8,6,0,9,5,9,2,4,6,2
SAHXPZfm,0,1,1,3,8,8,6,9,0,6,3,9,7,3,3,3,2,8,1,0
Y8qFSm9o,5,4,0,6,0,0,9,7,7,3,8,4,3,4,6,1,2,4,9,5
pFAn1HKa,6,7,2,4,8,2,3,8,3,0,3,9,9,1,1,4,5,7,5,0
TOPd7fUI,9,5,6,0,5,3,0,0,0,4,1,0,5,9,4,6,6,9,5,6
zAQUbJGu,4,6,1,7,2,1,6,5,9,7,1,7,3,2,4,1,9,9,5,9
lsZSTG32,2,9,6,5,4,8,7,9,5,9,2,1,2,6,4,1,8,8,8,4
qDUmetcM,7,1,3,1,2,5,4,1,9,8,3,0,8,1,3,9,2,5,7,3
tju8MqYB,1,9,4,3,6,4,4,1,3,9,7,6,5,9,6,8,6,9,1,0
24kAt1rW,9,0,4,3,1,8,1,7,3,2,4,0,2,3,6,8,4,6,5,4
SUo7kJHr,2,7,5,6,7,4,7,5,0,8,6,1,1,4,6,4,1,9,3,9
Dz4cwtnV,0,4,3,4,2,0,2,5,7,9,2,7,0,6,6,2,5,8,1,6
B5nNcQZC,5,7,1,6,3,2,5,6,0,7,5,3,6,8,1,7,1,5,2,1
OMqYHkQT,7,4,1,3,7,4,9,9,2,6,6,1,1,4,0,9,2,5,2,4
vyfzSnCE,4,8,8,3,8,6,3,1,4,2,5,0,5,6,4,0,3,9,5,4
7QSKj1gB,9,2,5,5,8,0,7,9,6,0,4,8,1,3,8,2,3,1,3,0
TFSL5s2J,4,2,7,8,1,5,3,7,9,1,3,5,0,2,9,1,1,6,0,0
rt0CPwQu,0,2,7,6,7,2,8,2,6,0,8,5,9,7,9,3,2,8,3,2
JS9Axrma,3,3,3,9,1,2,0,5,5,4,4,5,5,1,7,5,1,7,6,6
QXowNJea,3,8,9,7,2,2,4,1,0,2,3,0,3,7,2,4,3,0,8,3
54PI7cxD,7,8,5,1,3,5,2,0,4,6,1,2,0,2,8,3,7,4,8,9
rCmXs6wI,3,2,3,6,4,6,7,8,8,4,9,7,2,8,0,1,6,5,1,9
UIK1tSzH,3,9,6,7,2,0,7,2,4,6,7,1,4,3,5,8,3,3,0,9
RUBrMap4,4,5,2,5,6,5,7,5,4,9,3,2,4,0,9,1,9,5,2,4
6uaUO5qA,5,2,0,6,4,3,9,7,1,4,7,0,4,5,2,4,5,1,6,8
m1wrCgkR,9,8,9,7,8,9,0,4,4,5,0,1,9,4,3,7,0,8,2,4
wyZT43OJ,6,9,2,6,6,7,4,3,5,8,5,5,0,2,0,2,8,9,8,8
yFu895rR,9,5,1,8,0,2,9,6,9,2,2,0,2,8,6,3,3,7,4,5
HYqkd0p7,7,0,2,2,4,4,8,7,1,1,8,5,2,8,3,5,1,4,0,0
L9zsjYvg,4,8,0,4,6,7,6,1,6,8,5,1,8,7,0,9,1,0,0,9
MyfuUod8,6,9,8,2,8,9,2,3,0,5,9,7,9,8,3,8,4,0,8,5
pbhetJ4f,4,8,1,8,6,6,9,7,0,2,9,7,0,4,6,3,6,4,9,8
IsbpS6RG,1,1,3,6,4,3,1,3,2,1,6,8,7,6,4,4,3,9,2,8
3wDUlS7u,5,5,3,8,1,7,2,2,6,7,8,8,2,1,4,0,7,2,5,5
hRJzXUu1,1,6,8,0,9,8,9,4,6,2,7,3,6,1,8,9,7,3,1,3
SMgear0l,8,8,1,7,3,3,4,6,7,5,5,3,8,5,5,1,3,9,5,7
uPt37hrp,3,4,0,6,2,8,7,7,5,4,2,9,1,0,1,5,7,8,9,9
lRsXWQwP,1,4,1,8,5,7,9,5,9,6,9,5,4,9,8,2,5,7,4,3
k61RFrHn,6,7,1,9,2,5,5,0,2,6,5,0,7,3,7,8,8,5,0,0
YWr8B0un,3,6,9,9,3,4,0,7,9,3,4,0,7,2,6,6,2,9,0,1
Gcn0RwFI,5,2,2,5,9,7,3,6,5,6,1,6,3,8,9,6,5,2,7,0
QTFvhUoX,6,8,0,2,7,3,0,8,7,5,1,6,5,6,8,1,9,9,4,7
dVeSNrlX,6,7,3,3,7,4,4,4,8,1,4,4,2,1,4,9,4,5,0,0
HgQCVLWK,4,2,4,4,7,6,2,1,1,2,0,6,8,3,7,7,1,7,4,8
uPEQ5pO4,5,6,7,8,6,7,6,7,0,0,6,6,5,6,1,9,7,3,4,8
X1qI8p65,0,2,5,2,0,4,0,5,4,5,8,4,2,9,2,5,3,2,4,9
2Uq4YBMZ,8,7,3,9,4,4,3,0,3,6,5,0,7,0,1,3,7,4,4,4
F9NyehE5,0,4,1,7,3,9,6,0,4,5,0,2,1,1,1,8,8,3,3,3
ye0upXD5,6,5,2,7,2,8,8,2,6,7,4,2,3,4,0,2,1,7,5,8
njqzTO9u,7,1,5,3,5,0,4,9,2,0,4,0,6,5,0,2,9,4,6,2
EnjoWbU1,6,9,1,5,0,9,8,3,8,7,8,7,8,5,9,3,6,8,7,7
hxUBVQXv,6,1,4,7,4,3,8,8,6,8,9,6,3,8,1,4,4,5,9,0
OiJzgA6W,4,5,6,2,4,9,4,5,8,4,4,0,1,1,3,9,3,0,2,3
NJ6XDtRC,2,5,3,0,3,5,6,8,5,6,4,6,2,7,1,7,2,5,5,9
edD4MxL7,5,7,6,2,1,3,8,8,8,4,3,4,9,4,7,5,7,4,3,8
ygZm1XSr,7,0,5,5,1,6,6,1,1,3,4,1,9,5,8,6,5,3,6,6
SyB0evq6,9,1,4,4,7,8,3,5,9,9,6,0,8,1,0,6,4,6,9,2
KpChL17R,4,3,8,8,6,1,9,7,4,5,2,4,6,8,9,9,7,8,5,4
051gctIU,0,3,3,0,4,1,5,1,2,3,3,2,7,0,7,6,2,0,8,9
FNK2sX3v,3,7,3,3,6,5,0,7,2,9,7,8,5,2,0,3,2,1,8,9
59jQ2pek,0,5,8,5,6,9,2,5,4,7,3,7,6,5,5,8,1,1,3,2
ySY6dLOf,8,4,3,0,6,5,9,0,9,1,4,4,2,4,1,0,1,6,9,7
jcs9SNDw,4,2,9,5,1,5,0,5,7,7,9,1,3,1,5,3,3,2,7,4
myiKqu6P,9,8,2,4,9,8,2,9,8,5,1,3,0,9,9,8,7,9,8,3
sELChaTl,6,2,3,1,8,7,7,8,1,3,0,1,7,2,8,7,5,0,4,2
tRc5QhiG,6,2,8,3,4,3,5,8,4,8,2,2,6,2,3,7,2,0,1,9
wtVi59I6,6,6,2,4,7,0,8,4,2,8,3,5,8,2,0,8,9,1,9,0
9kYRN1zc,5,5,5,4,2,3,3,9,3,9,2,7,1,3,7,5,0,6,9,9
WnDqyrot,5,7,4,4,3,4,0,8,9,2,3,0,5,2,9,6,4,6,4,4
58u2p4Qh,0,6,4,9,8,9,0,7,6,7,8,6,1,9,8,1,6,7,9,7
0flHkiq2,7,7,8,9,0,7,8,2,1,6,8,8,2,3,3,2,3,0,4,4
6EYOCDtX,8,9,6,7,0,9,8,9,4,1,6,0,7,4,6,2,6,3,9,3
2VHLulrn,6,5,8,8,7,2,9,3,5,6,7,9,6,9,6,8,5,8,4,7
ClWSDIOz,6,0,8,2,3,9,6,8,8,1,8,9,4,1,4,0,1,5,1,1
vyjdLZu5,1,8,1,9,8,0,7,9,6,3,7,6,6,6,1,3,0,3,1,2
oXmnOtCS,3,0,2,0,9,4,2,5,3,5,1,5,4,7,7,5,0,8,7,6
hg5qQ3Sz,8,0,2,8,4,3,8,9,5,9,6,1,9,7,1,3,1,6,7,4
gBidO8pW,6,2,6,7,7,1,0,3,0,1,9,3,4,8,1,8,2,0,0,7
BGRVjzmH,1,7,1,4,0,1,0,7,1,6,0,1,7,6,4,3,7,6,5,2
tWdiuh5D,2,9,0,5,9,5,5,7,7,6,1,9,1,8,0,2,1,2,0,7
Pa8Oc3lH,0,1,5,1,4,1,2,5,8,8,4,7,7,7,6,9,7,0,4,3
DfMjYAeP,9,1,1,8,6,2,9,4,5,4,3,1,3,6,3,0,2,4,1,6
ztiUZAy3,1,6,0,0,7,5,6,9,1,4,8,5,3,5,3,2,1,4,9,7
EF14LyYr,2,3,9,4,6,7,5,7,9,8,0,8,7,5,5,8,6,1,8,8
D0EonWed,0,2,7,6,9,3,7,2,9,3,0,7,0,9,4,0,5,6,8,2
izHL3C4G,5,2,5,9,9,7,5,3,5,3,9,0,3,3,1,3,1,0,5,3
mGe3ROaN,3,1,4,7,2,7,8,2,2,4,6,2,1,3,3,7,3,8,9,7
JXA3fRBo,6,8,0,8,8,9,4,6,7,2,8,6,6,1,9,4,1,5,1,0
8lBDWUm6,2,8,7,1,8,1,6,1,3,5,8,0,1,7,7,1,6,9,8,4
rCT37HUi,0,8,9,4,1,9,5,7,0,0,8,4,4,0,2,0,4,2,1,7
SnK6OfXx,4,7,6,1,5,5,7,7,5,4,8,8,3,9,3,7,5,7,7,4
dC0pe9Uy,0,7,6,4,7,7,3,4,4,5,2,1,0,9,5,0,3,0,1,0
paM0Akq6,7,5,9,8,8,8,2,4,6,1,9,6,9,0,9,5,9,9,8,3
DYelXbTF,7,9,4,2,2,4,0,6,6,1,1,1,3,8,6,1,3,9,1,9
MRByYbX9,7,4,6,1,0,5,7,8,3,4,2,5,3,2,2,4,9,0,2,2
I5qAyN4M,5,1,7,7,6,6,1,2,1,1,6,8,9,2,6,9,9,7,0,1
iyCYzwhX,3,5,8,3,8,9,0,6,5,0,2,3,4,0,0,0,6,2,9,7
iLFGdIfg,3,7,8,0,0,7,2,0,0,1,1,3,0,9,9,0,9,5,4,6
Kl2r7LI9,6,4,2,9,3,3,8,5,4,9,6,7,1,8,4,2,1,8,6,2
dmAnBohD,2,0,8,9,9,2,8,9,1,3,9,8,6,8,9,2,6,6,9,0
8GYMSWgd,2,8,8,5,9,3,1,5,1,6,9,4,5,0,9,8,3,7,2,7
kAjB7bg4,6,5,4,9,8,9,4,3,5,5,4,4,4,4,5,2,1,5,2,7
ZS2q4tLH,0,4,9,8,5,9,2,4,9,1,5,4,9,1,2,9,3,2,8,0
8wx7NUdf,2,3,5,0,4,9,8,1,6,9,4,4,6,2,0,6,2,3,6,8
uplPFYnr,5,5,9,3,6,8,1,6,5,8,3,2,0,1,6,3,0,0,9,9
Rf5BT1sW,2,5,0,9,8,5,8,1,6,3,6,4,4,8,3,9,8,8,6,1
WKq3zDtr,6,1,2,2,6,9,6,4,4,0,4,9,9,4,2,6,2,3,2,3
rVkmaMz2,7,2,4,7,0,2,4,8,9,3,8,5,0,4,5,2,8,1,0,8
AYTu369G,6,4,5,7,2,6,5,8,3,5,6,9,2,0,1,3,0,9,7,5
4mEjdkTi,6,6,5,5,0,7,6,9,0,0,4,8,1,3,1,8,5,0,9,0
itRomXOM,1,9,7,9,5,6,2,6,1,8,9,7,0,1,4,9,0,0,8,1
ECaKV9lO,7,7,7,9,6,3,2,1,6,8,8,7,8,1,2,6,6,7,2,2
yuHfN7ql,7,6,5,3,9,4,1,5,8,2,2,1,8,7,6,2,1,6,0,1
ci6RD2PN,8,2,0,0,8,9,2,5,7,3,8,9,7,0,9,3,3,1,3,8
4MjAe72t,8,3,5,1,8,2,2,1,7,2,1,6,9,9,0,2,3,4,7,6
f96qbnzd,4,4,4,5,4,5,2,2,9,7,8,3,8,7,2,0,9,1,0,8
Yil94J8X,9,8,4,2,3,6,0,6,8,9,3,2,7,5,8,0,3,3,8,6
mnUu1yj2,4,5,2,4,0,2,7,2,7,2,2,6,6,6,9,3,6,9,6,4
574lHcJY,8,1,5,5,3,3,2,2,2,2,5,2,8,8,1,8,2,6,9,7
si7yGN4v,7,8,0,5,1,5,7,3,4,5,1,0,7,8,3,6,2,6,2,9
trlK1gvE,3,4,0,7,0,2,0,4,1,3,6,7,5,1,2,1,4,2,5,7
GdLyNYUZ,5,6,9,7,6,9,0,6,0,4,0,2,9,9,0,4,1,0,6,8
HOyeqxc8,6,5,5,8,7,1,6,2,7,0,8,1,4,8,0,7,5,4,1,8
Buj41T9e,2,4,9,6,6,6,8,5,3,6,2,6,1,6,9,6,4,9,4,6
8Xm90DnT,1,7,2,8,7,7,4,1,5,2,8,6,7,2,4,4,8,1,0,0
5y1u9sFg,5,2,0,3,6,4,2,7,2,0,7,5,8,3,4,3,0,5,6,3
znfd8bc2,5,5,1,9,5,5,1,3,7,4,5,2,3,0,9,8,0,3,9,4
8h5tRruQ,6,3,5,9,4,6,9,6,0,0,4,3,8,2,4,2,8,5,7,9
SVHkJrNx,0,4,9,2,5,3,2,5,3,1,2,6,1,5,2,6,0,9,5,9
RYLpxgoV,3,8,9,2,5,9,9,2,7,1,2,7,0,3,2,9,3,9,7,8
diKSGtUA,5,3,8,2,1,8,4,4,0,1,1,6,3,0,7,6,1,6,0,2
KpQPuVY7,9,7,6,2,5,8,7,1,4,6,3,5,5,3,2,7,2,1,2,0
LJDZISzx,7,0,7,4,8,7,6,7,2,5,4,3,2,3,1,8,2,7,5,6
9RlOZYQD,6,1,3,1,4,1,2,7,3,7,5,6,8,0,4,4,2,6,1,5
iGeQEqKI,8,8,6,4,0,8,2,7,4,4,5,0,3,7,3,1,9,2,9,0
crO5nZYe,5,2,0,9,0,6,6,6,7,1,1,2,0,2,3,3,4,6,2,0
Pcx4FfKo,2,6,3,0,0,0,1,8,6,3,3,6,1,9,9,1,0,3,4,5
lDG5Qpvh,9,4,0,4,5,4,7,4,5,1,5,4,1,5,4,8,6,8,3,4
jXJkZ0YR,1,8,0,1,6,3,2,1,7,5,4,4,3,3,7,4,6,5,7,6
g0y3A8Zk,3,1,1,3,7,9,8,2,3,4,0,8,1,5,9,7,3,2,5,4
VbBTvGst,0,4,9,1,2,7,7,5,5,2,0,9,0,8,4,8,6,4,8,5
SPbHZK3p,1,4,0,0,3,8,9,2,3,1,1,9,0,2,5,3,1,9,4,8
S74mpdlt,3,9,3,2,5,9,2,9,7,8,5,5,7,3,4,9,6,3,4,8
09MFeSEV,9,2,8,0,5,6,7,2,1,7,2,9,7,0,4,2,8,5,2,9
eVYROcXh,0,8,8,9,3,0,0,3,8,5,6,5,3,9,7,0,0,2,7,3
aBxye5vr,7,4,1,3,0,1,7,5,3,7,3,5,3,5,5,8,7,2,4,3
SB83rzXi,3,9,0,9,6,9,1,6,4,8,1,9,2,4,3,8,5,0,4,6
d91jTGFR,7,0,2,7,8,7,8,3,4,8,3,9,6,2,7,9,3,3,4,3
iJfbH4mk,1,0,8,6,8,5,4,5,3,5,9,2,2,5,3,3,4,8,6,6
U4e5OlAK,5,4,0,7,3,1,6,9,3,5,0,8,6,2,4,3,4,9,7,6
AMdleFUY,5,6,0,5,6,1,9,5,3,9,2,9,9,8,3,1,8,7,3,3
psiN6BVO,9,9,5,8,0,5,4,9,8,9,9,9,9,0,9,1,7,3,4,8
gXGeORaJ,8,3,4,4,3,3,4,9,5,3,5,3,4,4,1,0,5,0,2,8
vANtophi,1,9,4,9,7,9,7,9,4,8,5,2,5,3,9,8,5,3,1,7
kdUFVGqs,5,8,6,8,9,0,7,9,3,1,2,6,1,9,0,0,9,3,1,3
zNmL6Asd,8,8,0,9,3,2,1,8,3,3,7,0,9,3,2,9,1,2,5,0
thciCpsL,4,6,0,0,3,3,7,2,3,7,6,5,5,0,2,9,1,4,7,5
2gZfwJA3,1,9,0,7,6,6,4,1,0,6,4,2,2,3,4,2,5,6,9,5
AGZ1dnp2,7,6,3,5,9,9,8,1,9,9,3,1,6,8,8,0,0,2,2,9
rBb9xWLh,7,1,6,3,2,1,2,3,2,8,5,0,6,2,2,0,3,0,7,9
dIg924DV,6,9,9,7,4,2,2,0,9,3,1,5,8,1,4,3,8,0,5,7
SbcUP5yF,7,0,7,1,1,5,2,5,3,3,8,5,9,2,6,9,5,8,6,0
q94yrBdb,4,6,2,1,8,8,7,5,1,9,3,1,9,8,8,6,1,6,4,4
JEl2m7nx,1,8,6,2,9,3,7,3,3,3,9,6,9,4,8,6,8,1,7,9
MAfyemWc,2,9,7,7,9,6,1,7,0,7,2,9,0,5,6,1,3,6,5,6
qwJEjZXU,5,5,6,3,8,0,3,5,3,8,4,8,8,6,9,2,6,2,4,6
oei8wPlz,3,6,2,2,6,4,5,4,0,8,6,7,0,3,6,5,3,9,2,1
M8Tla7Kj,8,5,8,1,1,5,5,2,4,2,6,4,3,6,1,6,5,3,6,6
nmC5duci,4,9,9,4,4,3,3,0,8,0,1,2,9,7,5,8,8,4,6,8
SFDeAd6r,4,0,7,9,8,9,2,3,4,2,5,7,1,8,2,5,0,1,2,4
gtzJMaRE,7,6,1,8,7,1,9,7,3,8,4,2,5,9,3,7,9,0,8,4
jlNCfHry,9,5,6,4,2,0,7,8,2,0,9,7,8,7,5,5,9,1,8,5
skULENex,6,2,5,7,9,1,2,9,0,5,0,0,8,6,0,0,4,3,1,3
WFn4ibvN,1,9,4,8,9,7,4,3,1,1,3,2,1,2,0,1,9,9,8,9
sr2dJDy7,6,1,2,0,2,0,3,6,9,6,7,4,9,5,8,3,2,9,3,6
zOAxup2Y,9,2,4,1,0,4,4,8,8,6,3,3,2,3,3,9,8,7,1,9
Wlumpf2N,1,8,7,6,1,4,5,8,1,1,9,5,2,2,4,3,4,8,8,7
vF8b0PwE,0,2,4,8,3,3,3,2,3,7,0,5,2,0,3,1,6,1,6,0
Cup9jTAd,9,6,0,6,7,6,4,9,6,7,9,6,2,1,7,1,3,2,6,6
FAE3iHyX,3,1,0,1,0,8,7,6,8,9,8,8,4,3,7,3,8,6,5,8
fL2JdGlC,3,8,5,7,0,6,6,8,5,0,0,1,3,8,9,1,0,9,2,5
tP25AGyT,7,2,4,5,6,7,6,2,9,2,3,0,9,6,4,7,6,2,9,4
BgrDURVP,1,9,3,4,6,9,3,1,9,8,5,2,8,5,3,1,7,5,4,3
sGxeqc9p,1,1,2,1,5,2,3,8,4,6,6,8,1,0,1,2,5,7,2,0
hNtHc5Bk,5,7,4,3,5,8,2,0,2,3,7,7,0,3,2,5,3,4,6,1
79G8xgTF,7,1,4,1,2,8,6,3,0,7,8,2,6,4,3,0,2,2,5,2
p8jvmPx0,7,5,5,4,6,4,2,7,0,5,8,4,3,2,6,5,6,6,4,8
ezIlQ98y,1,7,1,7,6,9,9,6,5,9,6,8,0,0,2,3,2,8,1,8
7q43Hnhe,3,8,2,3,4,2,9,4,4,2,5,5,5,3,6,4,3,0,5,3
Euw6Sci7,4,9,2,6,1,4,0,2,4,6,4,6,7,9,3,4,2,1,1,1
AjYvTJNK,2,9,5,4,0,6,7,0,1,4,5,6,8,4,2,5,9,4,7,0
80YQrEOx,9,7,6,8,5,2,1,3,0,3,2,4,5,2,6,1,1,3,9,1
XBmZrHGd,2,7,4,3,4,6,3,3,8,1,7,4,6,8,8,1,0,4,5,7
SpOryVBe,4,2,8,5,6,3,3,7,6,5,4,1,1,6,5,3,5,9,8,6
wudSKxkN,3,9,3,4,7,4,9,3,4,0,6,3,0,9,6,7,3,4,8,2
e1RCiNwa,9,7,0,0,6,0,4,8,1,1,0,7,9,0,3,7,9,6,0,6
djVUOcug,7,5,2,4,2,5,3,2,4,9,4,0,8,8,9,4,0,3,1,6
EK1FvSjw,9,9,7,7,5,0,7,5,5,8,1,5,1,1,5,0,4,2,7,4
q0a6Gfs7,6,8,8,6,9,6,7,4,4,3,0,8,7,7,1,4,3,2,3,0
6DBH3he1,6,9,5,3,9,9,0,1,5,8,8,8,9,6,5,9,9,1,7,6
LzaKDEqX,8,1,9,3,2,8,3,9,4,5,8,8,1,0,4,1,3,7,7,1
zOwTsFCH,9,6,4,8,9,0,2,4,9,6,0,0,1,4,9,3,0,9,4,8
wRetQT8K,9,0,4,3,2,9,2,7,5,8,9,6,3,3,6,9,7,6,4,4
oAKrX8SG,8,1,3,3,6,9,6,9,9,1,8,6,0,9,8,0,5,1,7,3
wOUvPeRQ,9,3,3,4,4,2,3,0,4,2,0,7,8,0,3,0,4,6,5,2
WavQ4lcD,5,7,5,1,6,1,2,6,9,3,1,4,1,4,1,9,8,6,1,5
4sCh7VPk,6,1,0,2,4,7,5,1,1,2,4,4,8,7,6,2,5,5,0,8
R2Acgtzm,8,3,1,0,2,9,3,7,1,7,3,8,4,1,4,6,7,3,9,9
nPA8iyYv,6,1,3,7,4,7,8,6,1,4,7,0,8,6,0,9,1,2,0,1
FZn4Yavw,0,8,9,2,2,2,1,4,8,8,1,9,7,9,0,2,2,9,0,9
G3i4eNuW,3,4,2,8,9,3,4,6,2,4,8,5,6,1,0,5,2,7,5,5
jnhrBKUC,7,1,7,8,1,3,4,5,2,7,5,2,5,9,3,7,5,0,2,4
D9dlXJyk,5,6,3,2,2,2,1,1,9,9,0,9,5,9,6,1,2,7,7,6
iA5SOuf0,6,7,7,0,2,1,9,1,2,5,9,7,3,5,9,5,6,5,5,7
2f6FXlED,4,0,2,6,2,3,0,9,9,4,3,9,0,6,0,3,8,6,8,1
HFzGCvqi,5,0,7,3,7,2,9,1,5,1,1,7,1,9,4,1,3,6,3,8
cBWleuVh,8,5,9,7,2,5,2,9,4,8,1,5,7,4,9,8,3,2,8,5
WN6tApKh,5,5,7,8,3,3,1,8,4,1,3,1,5,9,6,1,2,3,9,5
6WTtJsIS,2,9,3,4,7,9,0,4,6,8,7,4,6,4,3,5,8,5,6,6
v2EldMtP,3,1,7,7,7,2,3,6,3,2,6,1,9,9,7,3,5,0,3,1
SR4OH2kq,9,7,5,7,9,8,7,1,0,3,8,6,5,7,4,9,9,2,2,8
Ts1CpzhE,6,0,1,3,6,5,4,0,0,4,8,1,2,4,8,9,7,0,7,2
qEiGtcek,3,4,3,1,9,6,5,0,9,6,2,5,4,9,1,4,3,2,9,9
nB4scWdl,4,8,0,1,9,6,0,9,0,2,1,3,7,5,2,5,0,7,9,6
mNc5Olq6,6,6,6,4,6,7,6,2,6,8,9,5,4,2,6,5,3,0,6,5
PSfnL7qH,7,0,6,8,9,5,7,3,2,4,2,4,1,9,6,1,7,9,6,1
fkenusIc,0,9,6,9,4,7,3,6,5,8,1,3,7,5,8,2,5,9,5,0
iKMqn8zI,4,9,3,9,3,5,7,6,3,0,7,8,2,9,9,0,8,3,4,9
YVIsAoJp,6,4,3,6,2,5,1,4,8,3,7,6,3,7,4,4,2,2,9,4
7lGrQ5aI,7,6,3,4,0,0,3,3,1,9,3,0,5,5,5,7,9,6,6,8
jTGDeIAR,0,6,0,2,1,6,1,7,4,4,9,9,3,7,9,7,4,7,0,7
l1oFm0VJ,0,9,6,9,1,8,9,7,2,3,2,8,2,8,6,8,8,9,6,2
NHU9kvL4,9,5,9,5,6,9,4,0,1,4,4,2,9,4,3,4,8,9,1,9
sQNGBukb,7,5,5,1,9,4,0,5,1,3,8,0,8,1,1,7,7,1,0,8
zmvxgSdB,5,4,7,4,0,1,9,1,3,8,6,2,2,3,5,1,5,6,0,5
agcW53hS,8,9,2,6,3,2,1,9,0,5,2,6,6,8,2,5,0,0,0,6
2cGhrJYS,3,7,7,4,7,8,7,1,4,7,2,3,2,2,2,3,9,5,4,9
14PKFwkf,6,9,4,7,2,7,9,7,4,2,2,7,5,1,7,8,1,2,4,9
WSQIDbXh,0,6,2,0,4,9,0,8,6,7,9,3,1,7,0,6,9,8,4,3
IvMr31jD,9,0,1,9,9,4,8,2,2,2,8,5,6,2,6,0,6,6,1,9
TcS8j4f2,9,7,0,5,3,2,1,4,8,8,9,3,2,1,3,8,7,0,5,0
HgwuVG2r,7,2,7,7,3,5,2,5,4,7,8,8,4,7,7,1,3,8,5,6
0dZyN9wG,6,5,5,4,4,9,8,9,5,6,5,2,2,2,4,5,9,4,4,5
Unx4tcij,9,7,8,3,8,5,8,2,0,1,8,9,1,2,2,8,9,9,6,6
TocJnRNb,8,3,4,2,1,3,2,0,1,7,0,9,2,8,0,8,4,4,2,9
0yg7SVct,8,0,7,7,5,8,6,1,5,4,3,1,7,5,7,1,2,9,4,6
IFK2yJBn,7,2,2,7,7,3,7,3,9,6,8,3,6,3,0,3,5,8,5,8
WfgpZ8lc,4,5,6,2,8,7,2,8,0,6,2,5,4,4,9,7,8,0,6,8
adO0jIzY,0,8,3,9,1,6,7,5,8,8,3,8,2,4,3,1,4,0,2,9
F6BC8O0j,2,8,4,1,6,2,3,0,1,0,7,4,8,2,0,3,0,1,3,9
GdqRQ6sj,5,3,4,9,1,8,9,3,8,7,0,3,6,0,2,9,8,9,6,8
2hzWsD6u,7,9,4,1,3,4,2,6,2,1,1,7,1,5,0,6,2,3,6,2
EGgK7WTq,5,6,6,6,3,2,0,1,4,4,7,7,3,3,8,9,5,8,2,8
Yt2qJZcG,5,5,3,2,5,4,4,9,5,6,1,0,8,8,4,6,5,0,9,8
uwy7fKx4,8,0,8,4,4,0,3,7,7,8,8,3,9,7,2,7,2,8,7,8
2fmBoRrn,6,4,7,5,8,8,2,2,3,2,4,4,3,9,2,3,4,7,9,4
FTEA9Jlp,1,4,5,7,0,3,8,1,7,9,4,6,6,5,7,3,9,7,2,6
wtP1XTVg,8,0,4,7,9,9,4,9,6,1,1,3,4,3,8,3,1,8,0,3
P0lXfYuB,7,9,0,5,3,9,4,7,9,4,9,0,0,4,2,6,9,5,7,4
zxPwXDWy,3,0,2,1,9,5,2,6,7,9,7,9,0,2,1,1,8,7,5,3
KysoxVUp,4,5,9,5,0,0,1,6,7,4,6,4,9,7,2,0,6,6,5,1
YEzhCSyT,1,0,0,8,3,3,1,1,1,2,2,5,4,1,1,0,9,4,6,4
pDRrGix8,0,4,1,1,4,3,4,5,1,4,5,2,0,6,0,0,6,7,8,9
cBdAkvGX,4,5,2,0,1,7,0,0,4,7,8,4,3,2,5,5,9,1,4,5
ntkPeAxj,0,2,1,0,4,0,5,4,7,3,9,1,4,9,4,3,9,6,9,2
7xz6rteU,0,7,5,1,4,9,0,5,1,4,1,7,9,9,1,1,0,4,9,1
aKgPLmjW,9,8,4,3,0,4,8,4,2,3,8,7,2,5,2,1,8,8,2,1
PNtprID6,2,5,9,8,3,2,7,7,4,5,7,9,5,6,9,3,2,5,7,0
E7QjouIh,8,5,2,4,2,6,4,1,8,4,3,3,5,9,7,4,8,7,3,6
BKcq6diT,8,2,9,2,1,8,6,1,7,0,3,1,2,8,6,6,7,1,5,4
5JIP867W,4,5,8,1,9,0,3,9,7,7,3,4,6,5,1,8,9,2,4,5
OdPKzog3,7,9,4,7,6,0,8,0,7,8,8,2,8,6,7,7,2,3,0,6
sxh4qHdp,4,5,9,9,1,3,2,7,9,7,4,9,1,8,7,5,8,2,8,3
RA7V63vJ,3,0,0,3,4,7,4,6,5,8,5,9,1,2,2,8,3,2,5,6
VaAzTD3p,1,6,6,9,1,1,7,0,0,6,6,0,0,4,5,2,9,2,6,3
uy1Q6am0,6,9,5,7,1,3,4,8,3,4,8,9,7,3,7,4,2,4,0,7
VxiDXUkz,5,3,8,5,2,5,6,0,8,7,6,6,5,1,8,4,3,4,3,1
U5XCd401,9,7,3,5,7,3,1,8,6,2,4,1,9,6,8,4,3,1,0,2
0XlLZaS6,0,3,9,7,2,5,1,9,1,6,3,4,6,3,8,5,1,5,8,2
2qtS9Zhv,3,9,9,7,3,7,9,2,8,5,6,5,3,9,1,7,7,1,7,9
edhawoXW,9,7,6,7,4,0,3,2,1,0,7,3,4,2,4,4,7,1,0,9
wJ8Z4aAg,0,5,7,8,1,3,2,3,8,4,8,9,1,8,3,5,9,7,7,5
3kGwOXWD,1,1,8,0,9,5,4,4,2,8,7,4,1,4,0,9,8,7,4,4
GWlXIpTR,4,5,0,9,3,1,4,7,8,7,6,5,2,9,7,4,1,3,8,5
cHFX0Pdu,5,4,1,2,5,7,0,0,7,9,5,4,7,5,6,9,7,9,4,4
b52oM9qt,8,9,8,5,7,3,2,2,8,8,3,7,7,4,2,5,9,0,2,2
HZh4npXR,2,7,7,6,9,1,3,1,9,7,2,9,7,3,5,7,5,8,9,2
AZ0EWTNS,3,8,5,4,2,1,2,7,2,2,2,5,8,9,6,3,2,8,3,4
9O7iS51b,0,9,2,6,7,7,2,2,6,6,8,8,9,5,1,9,8,7,3,0
kvNOaS19,6,3,8,2,5,2,6,5,8,8,4,9,1,5,7,9,1,8,2,6
3VfvHc4O,6,7,6,9,1,6,4,4,0,5,3,3,5,3,8,8,6,8,1,4
NJ3KLPd9,4,6,8,5,2,0,6,0,1,7,3,3,3,0,7,5,0,8,4,2
DW6ufxor,7,9,3,7,7,9,3,8,4,0,1,6,6,8,2,1,6,0,5,5
n8thBlP5,0,7,5,1,0,0,4,1,2,0,8,1,6,8,0,8,9,0,6,6
z1Efrswq,2,2,3,8,9,2,2,0,0,9,7,3,0,1,3,0,3,8,2,0
qCXUF32p,3,5,5,3,2,1,5,0,1,0,2,2,3,5,2,9,4,6,5,1
HMtWJAD4,8,0,0,0,1,7,7,6,9,7,7,3,2,0,0,3,1,2,7,6
JfqEKwGT,5,9,2,3,0,8,0,7,6,8,1,4,8,6,4,2,4,1,0,9
Izeg2vNx,5,1,9,0,1,9,3,8,1,1,7,7,1,7,1,7,1,2,9,4
sqF5e2SZ,3,0,8,7,8,8,7,9,8,0,8,7,6,5,9,8,8,4,0,4
xNO7iJBl,2,2,9,8,5,2,0,5,0,3,2,3,1,7,7,2,1,4,5,2
J3Nmu8X5,1,5,9,2,5,1,3,3,9,8,3,2,5,7,7,0,5,7,1,9
VnOIPwB2,4,1,1,9,3,3,2,0,7,5,7,1,0,7,2,3,6,6,9,4
ctUzjwhJ,3,5,1,3,7,6,4,1,8,8,6,5,9,7,6,2,8,1,1,5
cdY7paq6,9,3,9,8,9,0,1,5,0,0,8,2,8,7,8,6,4,3,9,4
ZTQHLFdD,9,5,3,6,7,0,5,5,9,8,5,5,8,1,9,5,6,1,3,5
XjWFf2kG,6,7,4,1,0,9,4,0,1,1,7,6,6,2,3,4,7,5,2,9
tVgrvoJ1,0,2,3,6,3,8,4,1,7,3,5,9,0,1,2,2,0,9,4,4
frTNnYwd,7,3,0,6,2,6,6,9,3,5,8,5,6,6,6,5,9,2,1,9
od9IWCi2,5,6,3,9,0,7,3,2,3,1,2,7,6,7,2,4,8,7,3,3
SpUBhPQd,9,4,2,4,2,9,2,7,7,2,8,1,8,4,3,2,9,0,3,5
TUgGN6uV,6,8,8,4,2,7,3,1,8,9,8,5,9,0,5,8,3,6,4,7
oBpuYber,0,6,5,5,4,6,2,5,2,1,1,1,3,2,6,9,0,2,0,3
P9seINUG,8,7,7,1,0,7,1,5,3,0,8,5,8,2,5,5,4,8,0,7
qM4J5gEV,4,2,1,9,5,1,4,6,6,1,5,4,2,0,4,2,2,0,5,5
DojelAZv,7,6,5,9,5,9,4,4,3,3,6,9,8,9,3,7,2,0,8,0
KE7HBVmk,2,9,7,8,8,4,0,7,4,6,9,0,5,9,5,1,0,6,2,7
DT7vu6Bn,8,0,9,7,2,1,8,2,3,4,9,6,7,0,4,0,7,0,8,0
M0tL8xE2,7,9,8,4,9,5,7,8,9,5,5,0,8,0,9,7,4,6,7,3
9BhsHkbg,3,4,0,0,1,3,8,3,4,4,8,0,4,4,8,8,3,7,8,9
nGTfwe07,2,9,5,4,1,6,6,5,2,5,3,8,6,2,7,5,6,6,0,9
klHTjPpx,7,3,2,0,8,9,5,9,6,6,8,3,6,0,2,9,0,5,1,1
NR30GnL7,9,7,2,4,4,2,7,3,4,9,7,8,5,6,8,6,6,5,3,6
4SZHOtP2,7,0,7,7,6,8,5,3,8,3,4,6,8,1,0,4,0,2,5,4
HoPZae9z,7,5,0,5,5,2,8,0,3,8,8,2,0,4,2,4,7,2,5,7
GCJHX3Ts,6,7,8,1,7,4,5,4,2,1,9,2,3,9,0,9,8,1,1,6
cfeTgG2P,6,4,4,7,6,8,9,0,9,0,2,2,4,3,0,7,1,2,9,5
JI0O94l5,8,2,5,8,3,9,5,5,5,5,3,1,8,1,6,3,4,0,8,8
ZPbXdB3U,4,1,0,4,2,1,3,8,5,4,4,4,8,3,1,3,6,3,2,8
FCRr7vEH,4,2,7,9,5,9,0,2,7,2,1,5,8,7,2,7,8,8,3,1
oWTFv35b,0,2,4,4,9,2,2,2,1,5,7,4,4,6,8,7,4,9,5,1
ajlR8vIS,9,4,0,9,0,4,9,6,1,6,5,0,7,1,7,8,5,8,4,5
xCnH3O5V,7,3,6,1,0,3,8,9,9,0,1,9,2,8,8,9,8,0,5,1
X1aD30Nm,1,4,0,1,4,0,3,8,5,6,5,0,9,8,2,2,6,1,5,0
hNwpGZfH,9,7,0,3,8,7,3,3,4,5,0,6,7,0,6,5,9,7,3,3
28oEBL4e,4,7,5,5,4,7,6,0,6,5,8,4,7,5,6,0,9,3,8,5
qB8OKWaD,1,2,0,1,1,7,7,4,6,7,0,4,9,9,7,2,9,2,8,9
2iXApMzH,5,9,7,4,9,6,3,9,1,3,1,0,5,3,6,9,3,2,7,3
SM0qyTCN,1,3,1,1,8,5,8,5,0,7,3,6,2,7,7,8,0,6,0,4
NwuE1YGd,4,5,6,7,0,4,9,3,5,3,2,1,8,4,0,8,1,4,1,9
onTO4MGm,7,1,5,4,1,5,9,9,6,6,6,9,9,3,6,0,4,0,6,1
d0CbGeBt,8,8,4,6,4,2,8,0,5,4,0,7,6,6,8,6,6,6,8,9
OL6kNh5z,6,2,6,5,6,0,1,1,7,9,2,4,5,0,4,2,0,3,9,4
86es3HAg,8,6,7,0,2,7,0,3,1,3,6,2,9,9,2,5,0,3,5,7
N7hLI2Qk,1,0,2,6,3,2,4,1,7,7,9,5,0,4,7,2,4,1,1,2
0pOQxIKk,3,2,6,6,5,4,4,8,7,0,3,1,7,6,9,0,5,4,2,6
3JELcyxs,8,3,8,4,9,5,5,9,2,7,1,4,6,8,0,8,3,3,3,3
m1H7Kbvk,7,2,4,7,8,0,1,9,5,1,6,6,2,0,8,6,2,6,5,9
4UFbN9au,0,3,0,8,6,3,6,1,7,3,5,0,5,9,2,9,7,1,2,0
sou2Wh9f,4,7,0,6,3,8,4,5,0,4,2,1,5,9,1,4,5,0,3,5
A5czDQvG,4,7,0,3,0,6,5,4,5,9,0,3,1,9,7,7,1,2,4,4
4Rzh6qxS,6,6,7,0,2,6,6,3,7,7,5,5,4,5,9,0,9,9,6,8
8oX6bvNf,4,2,8,6,4,9,4,9,2,5,1,9,0,0,2,4,0,8,1,0
R5Un4Jar,0,1,0,8,9,3,0,1,6,2,1,0,6,0,0,3,5,5,4,5
AfscIL38,5,1,3,4,3,8,5,3,3,5,6,2,2,1,0,0,6,4,6,4
bcfdSn3G,1,3,6,5,8,7,6,1,1,1,1,1,9,2,3,4,1,6,6,7
Wy23raMN,3,7,5,9,0,4,6,7,0,1,1,6,5,5,6,9,1,1,9,3
q1Nefund,3,7,0,9,6,6,5,9,8,7,0,3,6,2,5,2,7,1,0,3
k1Wr6ijg,7,6,1,5,5,0,5,9,4,0,6,2,6,8,3,9,1,7,7,3
B04JQtmU,6,9,2,8,3,6,7,5,4,6,1,9,9,3,1,1,4,9,9,5
8jslh9TU,1,6,0,7,6,4,7,7,7,1,1,7,6,6,5,1,9,6,2,1
E1Qksx67,6,3,0,0,5,2,8,1,0,1,2,9,4,7,1,4,4,6,4,7
7zPTZg4y,4,1,5,9,9,6,9,8,9,0,5,3,4,9,3,8,2,0,2,5
Wxz1laSX,9,1,9,9,3,1,1,1,8,3,6,3,5,0,8,1,4,1,9,8
A8SoZrsJ,7,6,3,1,2,4,0,8,9,8,5,6,7,7,5,8,3,7,3,7
q9VfLcod,8,0,0,8,5,7,9,4,0,2,2,9,8,1,3,3,8,4,8,8
6g49PLue,1,2,6,4,3,7,8,4,0,6,8,9,2,2,0,3,6,4,9,9
KgsY1xp4,6,9,0,4,7,5,1,7,1,0,2,7,6,7,1,4,4,6,4,9
WOBPkNru,9,5,1,4,5,7,5,0,9,4,0,6,0,4,5,2,1,8,1,9
WuHaE7Ol,6,9,5,1,5,1,5,1,7,8,7,3,4,4,0,6,8,4,1,7
gER4vdDO,1,0,1,8,0,0,9,8,8,1,1,0,4,9,3,3,2,3,1,7
eyv5hL9f,1,0,9,7,3,4,6,4,1,5,0,5,9,4,0,5,1,7,6,1
NAvLiIBs,7,2,8,4,1,8,5,8,9,4,5,5,0,1,1,1,6,9,1,6
ow0XIUKB,7,4,5,1,0,4,6,6,4,0,3,2,1,3,9,0,2,1,0,1
Cob7YHMk,5,5,5,7,5,6,2,6,1,5,1,2,2,5,5,9,0,3,7,5
lSkHAzeQ,4,1,4,6,7,0,1,9,5,2,1,2,8,1,8,2,8,7,5,2
ks0W1blF,9,4,6,6,8,0,0,2,7,9,3,6,2,7,4,2,2,3,4,1
0bitM6uA,2,3,1,1,4,4,4,1,0,0,6,9,3,3,4,9,7,8,1,6
5JhrBeHK,5,4,6,7,3,8,2,5,2,4,0,7,6,6,2,4,4,7,0,2
Yu6PVma7,9,4,5,0,1,3,9,5,8,8,1,7,5,1,4,9,3,3,6,4
Hb5XfICM,2,1,8,2,6,7,1,8,3,0,7,4,8,3,8,4,8,7,5,6
tvKH2bif,0,7,7,8,7,9,1,1,7,5,8,3,9,3,1,7,4,9,8,3
WO0yrZ65,3,8,9,6,2,6,7,7,4,5,5,1,1,0,5,2,8,0,2,7
3oP42kSF,1,0,9,9,9,7,8,8,7,9,8,5,1,7,8,9,4,1,7,9
jbcfgQrS,1,6,7,4,8,7,9,9,6,7,9,1,6,3,8,2,1,4,1,9
BKnoVxC3,3,6,4,0,2,2,6,0,6,0,9,8,1,5,5,3,8,3,1,5
qXiZxASm,9,8,6,0,6,6,1,8,5,9,9,5,8,3,5,3,1,5,0,6
l0ZoSa3e,0,0,0,1,5,8,6,6,0,7,9,3,6,5,1,7,3,3,6,7
1JiXehnG,9,4,0,8,0,2,3,5,3,8,8,1,7,7,7,7,6,7,6,0
a2hEcRz0,9,0,2,6,6,5,0,1,7,3,1,0,4,3,9,3,3,5,8,7
7mRvpX4V,2,3,2,1,6,5,7,9,4,1,4,9,8,1,4,1,0,2,2,5
2MHNikac,2,6,4,4,5,7,7,5,7,8,0,2,6,4,1,4,8,1,8,4
YxDsMPOK,2,4,2,0,2,2,9,1,1,7,0,3,1,8,0,6,3,3,9,5
fgLKS7my,7,3,2,5,1,4,9,9,9,6,8,7,6,7,0,7,5,5,4,1
Jy8sfBU1,2,2,1,1,9,6,6,4,0,6,5,8,7,8,8,8,2,5,1,9
nxlboW4w,7,0,1,4,9,5,4,0,2,9,0,2,4,3,9,2,8,2,9,6
nXcvVZb7,6,2,4,6,1,0,1,6,5,7,3,5,7,6,7,6,4,7,8,1
ioAyLdRD,8,8,1,0,9,3,7,2,1,6,8,7,6,8,8,8,3,9,3,9
1fx5MgCo,9,4,8,7,0,4,3,1,9,9,1,7,3,3,6,1,4,7,2,1
l1Gn0FS6,0,7,4,7,0,0,6,1,4,5,3,9,3,5,3,7,5,7,5,8
Z4eUrnNA,1,3,8,8,7,7,2,7,9,2,8,0,9,3,8,9,2,9,2,2
oMn8yuQl,6,5,4,1,0,9,0,4,2,4,8,0,2,7,5,6,3,2,9,4
HjkcnatA,1,5,6,0,6,8,8,7,6,5,2,6,8,6,0,1,4,8,1,6
kpT4XWUB,2,7,9,1,4,8,6,4,4,4,8,1,5,4,2,2,3,8,8,0
oTtjGxNd,2,0,3,4,7,5,8,5,1,1,0,8,8,6,4,9,5,1,2,0
HwyjGucq,6,9,8,8,0,6,0,5,9,2,0,4,3,3,1,9,0,3,1,6
NoLI3Rfz,9,6,6,6,6,4,5,9,5,4,7,2,7,4,0,6,5,1,6,8
1M3mqHUO,0,9,5,0,9,5,5,6,4,6,4,5,7,9,4,4,6,8,1,3
N4AD6kJU,7,4,2,7,7,5,5,8,4,1,0,3,1,6,5,3,6,8,4,6
n9216qAi,9,9,6,9,0,5,4,7,5,8,4,7,1,3,6,0,7,6,4,3
EskY6yUa,8,4,5,9,3,4,1,9,3,9,4,0,4,7,4,2,4,8,3,3
PYt9GFWz,2,0,8,8,9,8,6,6,7,9,7,3,8,9,0,6,7,2,1,3
jLI0vCVF,2,5,6,2,3,8,9,7,6,3,6,7,5,9,8,0,9,4,3,9
P8W4Rdqa,3,6,0,9,4,5,8,5,8,4,7,3,6,1,3,2,4,0,9,3
ANZKWw41,4,2,8,1,6,2,1,3,1,9,3,5,5,2,0,9,4,7,9,3
ujm2qeRO,8,1,3,5,7,2,8,5,8,2,5,0,8,6,6,4,5,6,9,8
PbSNoapH,4,6,9,3,9,5,3,0,5,7,0,1,6,1,5,1,6,3,0,4
B69DmSJ0,4,3,0,2,5,0,9,5,6,7,6,4,4,8,1,0,1,4,4,1
UFaeP2s8,8,2,6,2,0,7,5,6,8,5,5,9,7,2,1,9,6,4,3,9
MySdxWnh,4,1,5,2,2,2,6,9,6,4,6,6,5,7,5,1,0,4,9,9
mYQIbU7F,2,5,5,2,2,5,7,7,1,3,3,8,4,3,3,6,3,1,6,7
Fe0PczAo,9,7,5,2,1,5,3,8,9,8,6,1,5,3,9,8,4,9,3,8
vRXFMn5x,4,8,1,0,8,9,9,7,7,1,4,4,8,5,4,4,1,7,2,7
HYQc6ser,9,8,9,2,9,3,1,8,8,3,2,4,4,1,9,7,7,5,7,3
K2GHU64q,1,8,5,8,5,9,3,8,4,2,3,0,3,2,3,2,0,5,4,5
MVp69Xxc,9,9,8,6,3,9,0,8,2,6,2,9,6,2,0,5,9,6,3,8
JqrTkVaW,4,6,9,2,8,5,6,7,4,3,3,9,5,6,1,1,3,7,3,8
vaCkJ9rA,7,4,8,5,3,7,9,5,4,7,6,1,8,6,8,8,5,8,6,8
nObaU7Ks,0,0,8,9,5,6,2,8,1,0,5,9,6,8,5,2,4,6,1,8
wn8QrtZ7,8,7,0,9,3,6,9,2,2,7,5,0,2,3,4,0,8,5,1,1
mh0cYj86,6,0,5,6,8,2,0,3,5,1,6,9,3,0,6,7,4,2,5,9
C8YLxoek,9,4,3,4,9,2,6,0,1,2,5,1,9,5,8,3,1,1,6,0
xDPOAoE9,7,4,7,6,8,0,2,8,5,1,8,3,4,7,9,4,9,4,9,0
hzOdJqZD,2,7,0,9,7,1,1,7,1,7,0,8,5,7,6,8,5,9,5,6
AQnMxiqh,7,2,8,5,4,6,4,3,2,5,4,5,1,9,7,9,5,5,1,5
pfWgAClN,5,6,2,9,0,1,5,4,4,7,2,5,0,9,4,0,5,8,9,9
TG2yIk4H,0,6,1,2,4,6,8,6,4,1,5,3,1,4,5,3,9,3,0,1
0qwugbJN,4,2,2,2,1,9,3,2,3,1,1,2,7,8,8,4,2,9,7,5
XqwNZpOi,0,7,4,0,9,7,4,0,6,8,4,7,2,5,9,3,6,8,1,6
irS2hUAB,8,0,4,0,6,3,5,6,9,9,4,7,0,0,5,0,9,9,2,0
uG9sEtp4,5,8,2,8,4,9,7,2,8,3,2,6,3,8,8,6,2,3,8,9
MKgh97yB,0,4,5,1,0,5,5,4,4,2,3,3,1,5,0,1,9,6,6,1
8mBeMfYQ,9,7,4,1,3,2,6,0,5,3,4,1,0,6,4,6,0,4,8,2
58fTvbkx,2,5,7,0,2,1,3,3,1,8,1,4,9,4,7,6,4,1,0,9
6z8LjqtE,7,8,6,1,0,9,6,0,0,3,5,3,6,9,2,7,1,3,2,9
qGXQZo1B,1,0,1,0,5,9,6,7,4,8,3,8,7,7,7,4,0,5,9,7
bne6rwoc,3,5,7,4,5,8,8,1,7,4,0,3,8,8,9,6,4,6,3,0
zt8TkvGE,9,3,5,6,5,2,3,2,2,1,8,2,2,7,2,4,7,3,0,8
ulSAFOEp,3,6,5,6,4,4,8,0,7,6,2,3,2,3,5,2,5,5,8,0
xv8NMcBC,2,3,9,4,7,0,3,6,0,1,4,7,2,6,8,3,9,5,8,4
ylnqVpOZ,8,9,1,5,4,6,2,0,3,5,4,3,6,2,0,4,3,8,2,3
kPGYcVN4,1,1,0,7,1,9,0,0,9,4,8,6,0,6,3,4,3,8,7,6
ELquUcAz,3,5,3,1,2,1,6,6,6,8,2,1,7,4,0,7,1,6,5,0
hepGnS9o,9,0,8,9,5,9,4,3,6,7,8,6,0,8,0,2,4,7,4,1
kGrY4v6J,0,9,4,2,1,6,0,4,5,2,1,5,9,0,7,4,3,6,3,1
VWJ6adv9,0,9,2,5,7,4,0,5,8,4,9,7,0,1,5,9,4,6,0,4
SgtX06O3,9,1,8,1,7,8,0,5,7,1,0,7,3,4,5,7,6,8,5,6
u5GiRfX7,0,3,9,8,4,0,6,7,2,8,0,0,6,0,3,5,8,8,9,5
TDq6oGCW,6,1,0,2,7,2,8,9,5,0,4,0,7,8,5,8,9,7,9,1
8HmGkaiQ,0,7,9,5,9,7,5,2,1,9,4,9,6,7,0,9,2,0,8,4
yzb7MYBe,2,1,5,5,0,5,6,4,9,6,8,8,9,2,4,1,2,6,3,3
mP6LGpob,5,8,5,3,7,7,4,2,4,7,9,4,3,9,6,4,4,2,3,8
6WNFokaw,6,8,2,3,1,6,4,6,9,9,8,1,8,8,6,9,4,2,6,9
Ano4Z05u,7,7,1,1,0,1,7,4,8,0,8,2,6,1,6,8,5,7,8,8
vWQtzqTa,8,7,9,5,4,2,5,5,2,8,6,2,3,4,7,6,5,9,2,0
bF6h3Qw4,0,3,3,2,5,4,9,6,9,7,0,8,0,9,7,7,0,3,0,0
as40beBl,9,2,2,9,9,0,8,1,7,9,4,9,4,1,8,0,4,7,5,5
GVn3FLuT,6,3,7,8,9,3,2,9,4,3,9,1,4,4,8,1,3,9,6,4
WGxtafOn,4,6,0,4,8,9,6,9,5,2,2,4,9,4,0,8,3,0,3,2
oz1x9py2,5,4,5,8,9,6,8,6,2,0,3,7,6,8,5,7,9,7,6,0
bxqeAi2z,8,6,5,7,6,7,8,4,3,7,0,8,5,8,0,3,4,8,3,4
CfVBmn5c,8,2,2,8,4,0,4,4,7,1,6,2,9,5,0,7,1,5,9,1
5bwrqu2Y,8,3,8,6,6,1,4,5,0,5,6,4,4,9,7,3,8,7,7,5
JU9OIC8H,8,4,1,2,8,4,5,9,2,0,0,8,1,1,4,0,6,3,7,5
dSovO9Xn,8,8,6,8,4,6,0,5,2,6,6,0,4,2,7,0,9,7,7,7
MvhVcxp9,2,3,6,6,1,7,6,2,2,3,5,3,2,2,5,1,1,4,8,6
4UX3AR5Q,4,9,6,4,5,6,4,5,2,7,4,1,1,3,5,1,3,8,7,6
NkUs5SyQ,8,6,3,5,7,9,7,5,6,5,2,6,7,3,6,6,2,3,8,3
7chDP1JI,8,0,4,1,5,4,3,2,3,4,9,5,5,3,9,6,8,4,2,8
WS1xn0aT,2,9,4,8,1,4,4,0,1,8,0,6,2,1,1,6,9,1,2,8
HKW6UNcf,7,5,9,8,1,2,6,6,7,4,1,7,0,5,9,5,8,1,6,3
ZFuET5m6,5,0,8,5,4,7,2,8,6,7,3,4,8,2,3,4,2,6,9,2
tND2sedR,4,3,0,0,8,7,1,9,6,0,9,9,0,7,8,3,1,7,2,7
gBniTXjc,3,2,4,7,6,7,7,2,7,5,2,0,1,5,8,5,8,9,3,7
yoSfImGT,6,9,5,6,4,7,3,8,7,1,6,1,0,0,6,0,7,1,1,9
4i182JYg,3,8,9,6,9,8,3,9,1,4,3,9,1,1,0,6,1,6,6,6
BHEuwNKr,0,6,1,7,8,4,9,8,4,1,2,5,1,1,9,3,3,2,5,1
vTIkJzrq,1,5,4,5,8,1,1,0,9,3,4,7,0,0,8,5,1,9,7,9
LZesVuwa,7,4,6,2,1,5,5,3,2,4,8,7,2,5,0,2,4,3,6,5
AjaYT0i8,4,0,2,3,9,9,7,5,2,5,6,7,6,0,1,8,8,2,2,7
1HyEr34q,8,5,6,3,4,2,6,4,4,4,1,5,3,7,8,6,2,5,7,6
iztcHSLu,8,0,6,8,8,7,1,1,7,6,7,6,0,2,3,2,6,6,8,6
y9hgk8PI,2,9,8,9,2,4,9,9,0,2,6,5,7,9,4,6,4,3,0,7
psqQlXR1,1,0,2,1,1,3,6,1,7,4,3,1,0,8,0,0,3,7,9,7
BixV9WnH,2,6,9,6,2,9,6,7,1,9,8,9,7,2,4,6,4,2,7,6
i379yzTG,8,5,1,3,1,3,8,5,5,2,4,9,4,0,1,5,7,7,8,4
SukFzX6s,6,0,6,1,5,8,0,2,3,3,5,0,9,5,3,3,8,0,2,7
4Oef6ZQo,5,8,8,6,0,9,6,7,7,6,7,3,9,1,1,9,8,4,5,0
H1DKvswE,5,5,9,4,4,2,7,8,4,5,4,6,6,2,6,6,6,3,3,8
5Iy71lg3,5,5,3,9,1,3,0,7,9,1,4,8,7,2,2,8,8,6,6,7
xu4Udq9b,8,6,1,4,4,4,7,6,1,5,3,3,0,4,8,3,3,7,1,1
QLIb2zv6,9,9,8,9,4,7,9,7,4,8,6,2,4,6,7,3,6,2,0,6
rRb7WfpM,4,2,2,2,0,7,4,2,5,6,6,2,0,6,2,6,2,1,0,2
THLjBYIW,9,3,3,4,6,8,0,1,2,0,6,1,5,8,9,7,3,8,0,8
p5P2oCl4,2,7,5,4,6,9,4,0,7,7,2,0,0,7,5,7,7,3,4,9
LfzOy9xt,0,1,6,9,6,2,7,3,3,5,7,4,3,4,7,7,2,5,0,6
z2h5en6W,1,1,6,8,9,0,3,9,1,4,2,6,8,6,1,2,3,5,0,9
4A162a9Q,5,2,2,8,4,6,3,2,8,8,2,0,7,7,5,8,6,6,9,4
F6XiEZWk,6,0,0,2,7,2,5,9,9,5,0,9,9,6,2,3,8,2,6,4
PuDvheoE,5,1,5,6,9,0,9,6,0,6,8,6,3,8,8,4,7,4,9,9
TOM1UQkC,4,3,8,5,8,9,9,8,3,5,4,3,9,3,1,8,1,2,0,8
03XZj1bM,4,5,5,0,9,5,6,0,2,1,4,4,2,7,9,0,1,2,5,7
lrmL6Hp7,9,5,3,3,4,9,2,9,9,5,1,3,7,3,9,7,4,1,2,6
ZUtslSe5,8,3,4,7,3,8,6,1,7,0,3,0,8,9,7,9,3,7,5,2
ljVAhfZI,6,4,8,3,5,7,0,3,1,4,9,4,0,2,3,5,3,5,5,0
t0MagR7I,4,0,0,5,5,6,6,9,3,4,3,8,3,4,7,3,2,9,2,1
JsqMlEaF,6,8,2,6,3,3,5,2,8,3,3,0,7,3,8,9,3,6,0,3
Yc5kyuJt,0,6,6,1,6,0,8,9,6,5,5,0,0,0,0,5,3,6,4,4
HCT0GiJA,9,4,6,9,5,2,4,1,0,1,3,4,8,1,9,1,0,2,4,0
9LI45Jay,5,3,0,4,1,9,3,1,8,5,4,1,9,9,0,1,5,8,7,1
3Kc0TugI,8,3,6,8,3,0,4,4,5,3,8,9,8,4,6,5,3,0,1,7
MHVBTGJi,3,8,5,9,4,7,8,9,0,5,5,6,0,6,5,4,6,8,2,4
tBAUlFMo,6,3,3,1,4,4,2,8,1,6,6,9,8,0,1,2,2,9,1,8
jMfbxQh7,7,6,8,5,3,0,9,5,3,4,8,9,6,4,1,8,4,4,2,0
HpLbun9Z,9,4,5,2,2,4,3,3,8,2,7,1,1,9,7,9,7,8,9,6
e17HucsA,5,0,0,0,6,3,0,6,5,3,2,6,6,0,5,9,8,4,6,7
IBdVjo9i,4,1,0,5,1,6,1,1,3,1,3,5,6,2,1,6,3,2,2,6
6VH0UJvY,1,6,2,5,7,1,2,2,7,3,0,8,2,1,3,4,8,3,0,2
tqyrEva0,7,4,0,0,4,2,6,4,2,5,6,2,9,4,9,8,4,6,1,6
PnatkbZc,8,7,5,1,4,9,1,1,9,1,0,5,5,2,1,7,4,0,6,2
K7M5PXJO,8,8,4,4,9,9,5,1,9,5,0,3,9,6,9,9,6,4,2,6
TLwHQitE,4,2,4,4,8,2,7,0,0,7,6,5,3,3,3,9,0,9,4,9
tKgod6xF,0,9,8,1,1,3,9,8,4,0,0,7,3,1,0,0,9,8,0,6
F5QyZMXj,8,1,4,1,5,4,0,9,2,7,6,5,1,3,6,6,6,3,1,4
Ifr38yjM,5,0,7,8,0,6,1,1,3,5,9,3,7,2,9,7,7,0,3,7
LDIjHmrP,8,8,9,8,9,9,9,3,0,3,2,1,1,6,8,5,6,2,7,6
NSc9gZa2,1,5,0,1,4,2,9,5,2,0,5,1,0,7,5,9,1,5,7,4
Wxd9upPX,2,6,3,5,4,9,0,1,1,2,5,1,8,9,4,1,3,8,4,5
FKDGJIrz,2,2,8,6,7,6,2,8,2,4,4,5,8,1,0,1,9,0,1,6
Ng0BPTMu,6,3,5,1,9,0,5,5,5,1,8,9,5,9,8,3,2,8,8,6
27yj0HBi,0,9,1,9,9,8,8,8,4,7,4,5,4,1,2,4,2,2,0,7
N48EZ6an,6,5,0,9,5,8,9,7,3,4,7,0,8,6,9,1,0,6,3,6
udaG5i7o,6,8,2,1,2,9,8,9,3,9,7,7,1,5,9,6,7,9,9,5
HE1nrcU3,7,3,2,5,3,8,1,7,7,9,3,9,3,3,8,0,1,3,3,0
2MQxjUf3,9,0,4,6,8,7,6,8,2,5,2,0,4,8,8,7,6,7,0,3
lH9x01pI,0,8,6,6,7,1,2,1,7,4,2,8,5,3,6,0,7,7,1,8
lyPzHaW5,7,4,8,6,1,3,9,7,0,0,3,1,0,6,9,6,4,5,6,7
cv5yb6S7,9,9,3,9,2,5,1,3,7,1,7,3,0,2,8,0,9,4,9,0
Ws1mnblj,0,8,7,6,1,3,8,4,6,8,1,7,4,0,3,8,9,9,7,5
e53x0KhI,1,9,3,7,6,0,0,8,8,4,7,2,5,8,2,4,1,9,4,8
jy29z1rL,0,7,5,1,4,2,4,2,9,9,9,9,9,9,8,8,3,9,6,2
d4kzOeUA,3,2,6,2,8,2,9,7,2,6,7,9,6,0,2,7,2,4,8,4
m4qMWciJ,0,5,0,4,3,4,9,4,5,3,6,0,4,7,2,9,5,4,5,3
Y0OrjCzF,7,1,1,9,9,4,9,9,9,9,0,9,9,0,8,4,0,5,9,9
VLRJxjby,2,9,6,8,2,9,1,7,1,6,7,9,1,0,5,5,7,0,5,2
bLP3fRni,5,7,4,9,7,5,9,4,5,0,3,4,0,7,7,6,7,1,3,2
xDOuHfX8,1,9,7,7,9,0,9,4,4,5,9,7,3,1,3,4,4,8,7,6
tN28OxpW,0,7,7,3,3,6,2,6,2,5,0,0,0,5,4,2,0,3,8,6
2GCp5x87,4,4,7,7,8,9,7,8,0,8,0,3,2,8,1,8,4,2,8,3
ufwgYNQc,3,0,6,9,0,0,0,1,4,3,5,0,6,2,6,7,8,0,3,1
bYR2HvUx,5,9,5,3,2,9,4,2,0,8,0,3,0,6,3,2,5,8,6,5
1f4b9yYs,6,5,7,4,5,9,0,1,9,2,1,0,5,2,9,1,4,8,0,4
nymf24zJ,4,1,8,5,5,9,1,3,3,4,7,6,1,4,6,7,0,1,0,1
0PxoU5BH,3,8,5,6,4,3,1,0,9,7,6,8,6,0,3,1,0,1,0,8
1ZW7TGgO,4,4,1,5,1,3,3,3,0,3,0,4,9,4,8,2,9,7,9,4
7wVAvtbC,5,4,8,5,6,3,9,0,0,5,4,3,6,7,3,6,1,3,2,5
qtOcLCpH,6,1,9,4,5,9,0,9,5,1,3,1,1,8,2,8,9,6,9,3
kH4S1fjK,1,1,4,9,2,9,5,7,9,2,4,7,2,1,8,6,0,6,3,3
PbsKGQ9c,5,7,4,6,2,5,2,7,9,4,6,3,6,1,7,5,2,7,2,1
Crz03l5e,2,3,7,8,8,7,5,6,3,8,7,4,8,1,3,1,4,0,1,2
Li7DkVb8,7,5,1,4,8,8,8,3,5,1,9,5,5,9,0,0,3,6,2,3
WIf3evha,8,1,6,0,5,4,6,4,9,3,9,7,9,2,0,9,9,1,6,5
r4wyTfx3,5,9,9,6,1,9,7,8,5,2,6,1,9,1,6,4,6,7,4,7
DSFUAfIY,5,1,9,1,4,6,0,4,2,9,3,4,5,2,9,8,2,1,2,6
EDLXxAyF,8,8,3,0,4,8,0,4,8,4,5,7,7,1,0,6,6,1,5,7
IxDqAPd6,5,5,6,1,0,7,9,3,4,0,9,6,8,8,4,9,9,6,4,4
Hrfpn3zi,4,8,5,6,1,5,8,8,4,5,2,4,1,3,3,6,2,6,9,9
xkmUlZVM,7,7,0,5,0,8,8,2,6,8,8,7,6,0,0,1,4,1,7,4
DucdRTmi,3,9,9,6,2,1,4,7,9,4,0,8,5,8,1,1,5,7,8,6
0LaAk2rh,3,3,5,0,2,8,0,9,4,9,9,8,6,6,1,8,9,2,7,0
mEYBr4gs,3,4,6,3,9,1,6,1,0,0,6,7,7,2,2,6,6,2,5,8
9Fu8EAjJ,3,2,9,5,8,3,3,5,6,1,0,4,1,4,5,8,0,9,4,4
UXhtFMiL,5,3,3,5,7,1,5,7,8,5,0,4,7,2,9,1,5,1,4,4
YaxtDJEe,8,8,8,3,7,1,3,3,6,9,4,6,4,7,2,8,2,1,4,0
LOMCT0jc,3,3,6,6,2,7,4,5,7,7,4,1,1,4,0,0,1,0,4,7
wNjvncSu,0,4,9,7,1,5,8,7,8,4,6,6,6,6,3,1,4,1,0,7
QW3rJAyL,0,1,3,0,3,6,9,6,2,0,9,1,4,0,0,6,1,3,5,3
W16d2xCI,6,1,0,6,1,3,4,6,3,8,2,5,3,2,8,6,5,7,7,0
LRIWlC8i,8,8,8,0,8,4,4,2,1,2,5,0,7,2,4,5,8,6,1,0
fAQ0rusJ,5,3,0,3,5,0,3,7,0,3,2,8,6,9,1,5,9,0,2,0
mycdG8gw,2,1,4,7,0,9,3,9,2,2,7,3,3,1,0,0,1,1,6,2
MY0gHrbd,1,2,5,7,3,5,1,0,1,4,6,0,8,8,1,6,9,7,3,9
bvMBU1eN,3,3,4,6,5,6,0,7,9,2,5,0,0,0,9,9,3,2,3,5
Tl3udmLQ,1,8,5,6,2,0,0,6,7,4,2,8,7,4,9,3,3,4,3,1
4Nfa6s8o,2,6,6,0,3,8,5,2,5,2,3,2,8,5,5,4,7,4,1,5
PAs9HmMv,9,4,7,7,5,3,4,1,0,9,9,6,6,7,4,1,5,6,1,4
jXvK6S9F,0,8,9,2,0,0,7,5,7,2,2,3,2,8,0,0,7,2,9,9
alpND3kF,6,8,1,1,5,9,7,2,4,8,7,5,0,0,5,2,6,7,0,5
zqIV1pQb,2,5,7,7,8,0,6,2,9,2,5,3,5,3,7,0,3,4,8,6
u5WxB9AC,9,5,1,8,1,3,3,1,7,8,8,0,2,8,0,8,3,9,0,6
HpbKeoXv,1,9,2,7,6,9,6,9,2,0,9,2,9,5,9,8,7,9,3,5
pGVJ9zhe,7,9,7,0,7,6,6,7,0,7,2,2,5,8,3,3,6,8,8,8
3xZthFqp,6,8,5,0,6,2,5,9,1,2,5,0,1,9,8,5,7,1,0,6
OIApKBhd,6,2,9,1,4,1,1,6,9,8,5,9,3,8,2,6,3,6,7,4
p78ky1ZD,7,4,5,5,1,8,1,8,0,8,5,9,2,9,0,8,3,1,8,5
57CxNeWg,1,5,3,7,1,4,2,8,8,7,6,4,2,3,0,5,0,4,3,0
w78cbWSH,5,3,7,9,9,5,0,2,3,7,4,4,5,2,1,1,5,1,0,3
XDfysojB,4,4,9,2,1,4,5,7,0,2,8,2,4,4,1,2,5,7,3,7
3XLZ71Sg,3,1,2,3,0,0,7,9,1,9,4,3,7,1,5,2,4,0,5,4
X9NGOlxq,3,0,0,1,7,5,5,0,1,8,4,9,2,9,7,0,0,7,9,3
n9kKBJ4q,3,0,7,8,4,2,8,1,9,6,8,4,3,3,2,1,1,9,2,6
DWgs6YaT,9,2,3,6,3,1,8,7,9,7,6,4,2,0,1,7,2,8,5,6
IQO0Y7eC,8,6,5,2,3,9,3,1,1,4,4,0,2,7,7,7,0,3,8,8
zKAV4Sak,1,1,8,2,1,8,0,9,9,5,8,5,2,2,5,7,8,6,6,1
1u8RDB0r,4,0,8,5,0,9,5,2,7,0,1,2,6,8,8,4,7,2,8,3
zVkICq2N,9,0,6,7,7,1,2,2,2,3,9,0,5,0,6,6,0,7,9,5
hOHGbDx7,8,3,6,8,5,2,9,4,4,8,0,6,1,8,6,1,4,6,7,8
aYI0cSmP,5,5,2,9,0,8,2,0,0,1,2,1,4,9,7,4,3,2,2,7
0ec43NIB,0,5,6,9,2,8,8,8,0,9,6,3,8,4,7,3,2,3,8,2
TaXErfDq,3,2,4,4,3,0,9,8,7,1,3,7,3,7,8,2,7,5,5,7
IVKNv9Le,6,0,6,2,9,1,7,6,9,3,7,7,5,3,8,9,8,5,4,1
zB81HO3N,4,4,2,0,3,6,6,6,2,8,3,3,0,2,9,8,7,1,2,8
5OutMHAW,3,4,0,0,5,5,0,8,4,2,8,6,4,5,9,3,5,6,5,5
p4URTZ0l,2,1,6,5,5,0,7,2,9,5,5,4,8,6,8,8,2,7,1,8
CjZnR64S,9,7,6,5,6,9,9,0,7,3,0,9,3,3,0,6,6,8,4,9
hVuIxakp,7,1,6,2,3,7,8,9,0,5,0,5,6,7,6,2,6,2,5,7
WNtyzndY,6,6,4,6,4,0,2,9,5,1,1,1,3,8,9,6,5,0,3,1
frn60QzH,1,5,8,8,8,5,9,7,6,4,3,6,8,3,0,1,5,5,2,4
9eNTRPYs,8,1,6,9,0,0,3,5,0,1,8,3,6,9,2,8,4,8,4,3
TWHf1IVb,6,9,4,0,3,6,6,9,4,8,8,4,0,1,3,3,2,2,5,2
SaWxJtpL,1,6,8,0,6,2,3,6,2,1,4,4,7,6,5,8,4,0,5,4
ZO7T4pA2,5,8,7,5,1,9,6,7,6,2,6,9,4,4,2,5,4,7,0,9
CPYZHu2y,7,9,7,8,0,4,5,3,9,7,3,4,0,4,0,1,4,3,5,2
t3vGndpK,4,3,9,2,5,0,0,0,9,3,4,9,7,0,3,1,7,3,3,5
pBAN9sSf,6,0,5,7,5,1,6,7,1,9,5,0,2,9,3,2,9,6,2,1
t8l50NyW,4,6,3,7,8,8,0,4,0,0,8,7,2,3,5,5,2,5,4,2
jU2Smbsn,6,9,3,5,3,7,8,1,5,1,3,6,7,7,5,3,1,1,5,3
oLHxRECt,7,0,0,4,5,8,6,8,9,7,4,2,1,3,1,8,9,5,6,9
yvH6BJV9,3,1,9,9,3,7,4,8,9,6,9,6,9,6,4,8,6,1,3,7
yUV3jAQt,3,3,3,4,2,7,8,9,3,1,3,5,4,3,7,5,2,5,2,4
6bkauYBx,3,7,8,9,5,2,9,3,2,9,1,7,5,9,9,6,4,1,8,7
WsprLuPb,1,4,9,6,5,7,9,7,9,9,8,8,4,7,1,4,1,9,3,3
jo3PiGVc,2,3,3,7,7,0,3,2,9,2,8,3,9,9,8,3,0,4,4,8
d7B16Y8Z,6,8,8,6,8,2,5,3,8,3,2,4,9,9,2,1,3,2,6,7
jhzZcosV,0,6,0,0,6,0,4,0,7,7,7,8,7,3,8,3,5,8,5,5
P6GWaMdw,6,8,5,2,7,6,4,5,5,6,5,0,1,1,4,2,6,9,1,7
0vqcZICS,5,9,4,4,6,7,3,8,7,6,1,4,6,1,5,4,8,9,5,7
DBAiOhM0,0,7,9,3,3,6,1,7,2,8,6,4,0,6,3,8,6,3,4,5
QGPFMrsk,9,0,8,1,5,8,6,7,7,5,5,5,5,5,7,6,8,8,3,4
sod8VQ51,7,9,7,0,8,6,0,7,2,1,0,3,3,5,8,8,5,3,4,8
l1VUjGch,3,6,5,8,1,4,7,2,6,9,7,8,0,6,2,2,2,7,4,5
lnujOqQS,3,5,9,4,8,7,4,5,7,8,3,8,5,5,0,6,1,8,9,1
3hxkVcLM,3,6,7,9,3,9,9,2,6,0,3,4,1,8,0,6,5,0,9,6
1frPAN0t,0,7,2,5,0,1,5,7,5,9,3,5,2,4,7,3,8,8,6,0
SgBYfzOE,9,4,3,1,2,5,5,1,5,7,9,7,1,5,3,4,0,5,5,2
uWYEqBob,2,8,3,5,2,0,4,7,0,6,4,5,8,9,6,9,7,9,1,8
oz524vjU,4,8,5,2,4,6,3,0,3,6,0,0,3,3,1,4,9,6,6,1
4Q8rg1m6,4,4,4,2,3,8,4,5,2,4,4,8,9,4,3,9,0,2,2,1
RmQyIDSc,0,6,4,1,2,5,6,8,0,1,5,6,1,4,8,6,1,6,7,9
BSUtrPOz,9,9,7,8,3,7,6,5,4,6,6,1,8,0,7,1,8,7,5,8
49sMalnS,2,4,6,2,7,8,7,7,9,3,9,0,6,3,7,9,0,3,2,8
POzuxSir,4,2,6,5,8,4,7,7,3,1,4,9,4,1,9,1,3,9,9,5
eItvYu1o,1,8,8,9,5,9,1,7,8,9,5,0,5,0,5,5,7,1,0,3
jqwcuQxG,6,8,3,8,4,9,3,0,2,9,5,4,6,4,7,8,5,0,6,5
kxgOMjWS,9,1,3,6,1,2,5,1,3,0,8,7,4,4,7,6,5,6,1,9
QPBFx48d,7,9,4,0,2,2,8,6,4,2,1,5,2,0,8,9,6,6,5,9
mQterMH3,2,5,2,1,9,9,8,5,4,5,9,3,3,2,8,0,2,5,0,7
ztmQMX3W,0,8,6,5,7,4,8,4,7,6,0,0,4,4,0,9,6,2,6,7
lHF7eb1N,4,4,2,7,8,8,3,0,9,8,0,8,3,9,4,2,6,1,7,7
WTASlYrh,4,8,1,9,5,8,8,4,2,3,2,3,8,1,5,4,1,8,6,0
U9RgJH6F,3,1,0,4,1,4,3,2,6,1,6,5,5,9,5,6,7,5,2,4
0hckta4m,2,6,4,2,9,3,1,6,5,1,3,2,0,7,9,4,2,0,1,6
JmVwsHU0,3,3,7,7,1,2,4,1,6,4,5,1,9,5,0,5,4,5,7,2
BIkc1QVp,0,9,8,8,3,7,9,4,4,2,7,0,1,9,6,7,8,5,3,6
mYaV9OU1,8,2,4,6,9,5,1,1,8,1,8,8,1,3,2,4,6,3,7,6
XrjVMRKQ,0,9,1,2,9,4,2,3,8,4,9,1,4,0,6,8,4,7,3,3
CTFSZGd3,1,6,9,1,8,6,7,2,5,7,2,0,3,9,2,8,9,0,0,7
rJtYq845,8,1,9,1,1,3,0,9,0,8,2,8,7,7,8,7,7,6,6,1
JlgA4I9X,4,5,2,8,3,1,1,9,9,4,7,7,8,4,2,3,6,0,2,0
TOEwM294,0,9,1,2,8,0,0,9,1,1,8,0,4,8,7,7,0,2,6,8
g1nre5L2,1,0,0,3,2,0,2,5,3,9,1,4,2,3,3,9,4,1,2,2
bFH1nADC,0,2,1,6,6,3,2,3,0,5,1,6,6,3,4,7,6,2,4,6
bQmN2anf,2,9,1,3,8,9,8,0,6,8,5,9,5,0,1,2,4,8,5,1
hj2FeMwr,0,4,5,2,3,8,9,4,8,1,4,7,3,7,9,7,4,1,0,9
UEckqtZT,2,3,1,8,0,5,4,6,0,2,1,2,2,3,6,4,8,5,7,9
Gk3c0rxV,9,1,5,5,6,9,1,9,1,1,5,4,0,6,9,1,2,0,6,7
0hPejGZl,7,6,0,7,6,4,6,4,0,0,2,7,4,3,5,8,8,4,2,9
xOzf7SiZ,6,2,7,8,2,6,7,8,3,8,3,0,2,8,7,6,6,9,8,6
EzRqZ1Ap,8,4,6,9,5,1,1,3,7,6,3,3,8,2,8,6,2,9,3,4
6iqfYXwG,4,3,1,1,2,5,8,0,8,0,1,4,3,4,3,4,5,1,9,5
AmCDR8U4,7,7,3,2,3,6,1,0,5,0,1,5,6,0,0,3,0,5,0,3
6hejXRuE,2,8,8,8,2,7,3,1,9,7,3,8,3,3,5,8,2,5,9,1
drws4UKQ,1,1,9,8,8,2,0,8,5,8,3,7,3,1,6,6,4,5,3,1
z1aDF6wI,2,3,6,7,7,3,5,1,3,1,7,8,3,0,8,2,4,4,0,5
kWORdtoY,4,6,4,2,0,1,9,3,2,5,8,4,9,0,8,4,3,7,2,4
AFcknme6,7,8,1,1,2,0,0,5,7,4,5,4,3,4,9,0,5,8,6,0
X0fyScqu,1,2,8,7,2,8,6,6,9,3,2,9,9,8,8,6,7,9,5,3
Gwt8EVKf,0,3,4,8,4,4,0,9,7,2,9,3,4,3,7,9,0,6,1,5
agEeN5dD,6,6,1,6,5,7,4,0,6,3,8,1,2,1,0,1,7,4,0,2
lIMwbKNz,4,1,4,7,6,5,0,2,7,6,6,7,5,5,0,4,3,9,0,5
z5Xpe1Cc,5,1,1,1,5,0,3,2,1,7,7,0,3,7,8,9,1,4,1,9
jPhQ9DVr,7,6,5,2,8,6,1,0,7,9,8,4,4,4,3,0,2,0,2,0
CIEOBVTN,2,2,1,0,1,5,1,9,6,8,8,1,8,1,0,3,8,9,1,5
NOkfIo4r,6,5,2,5,6,2,4,6,4,2,1,1,4,1,8,4,9,1,6,2
vOcXn8N0,4,4,9,1,7,3,7,3,2,2,9,4,8,0,9,1,2,7,8,7
pu5LGdNg,3,9,3,2,6,1,8,7,9,3,4,2,9,7,0,7,1,7,4,5
O95fahBS,4,7,6,4,2,2,4,9,6,1,2,9,9,1,7,5,5,8,9,8
PasrAWIS,5,9,6,6,1,1,7,0,9,2,3,3,4,4,4,3,3,7,4,9
olPNRuMh,7,1,5,4,8,0,1,7,0,9,8,7,5,2,1,5,3,8,1,4
1Ta3ilXN,2,4,5,5,3,4,5,2,3,4,8,7,4,7,5,3,8,8,0,6
oyuUwEbc,8,4,8,3,3,9,6,5,6,8,3,8,4,0,9,1,7,1,6,9
cWLVfJS5,0,8,1,0,2,9,5,1,1,3,7,1,2,2,4,7,0,1,7,4
7cbuwLPr,7,7,4,1,6,5,1,2,5,0,6,7,8,8,9,2,4,0,5,9
kl3mnF07,7,7,4,6,5,2,3,0,3,2,4,1,6,1,0,2,0,9,9,1
6RriNjdD,5,9,3,2,4,4,1,5,8,8,4,1,5,8,8,9,5,3,2,6
dlmasRyM,3,5,1,1,0,5,9,1,5,1,2,8,2,1,8,6,0,6,7,0
67KFAcbE,5,3,0,4,6,1,5,3,0,8,8,3,9,1,2,1,0,1,8,9
U7jmRbvh,4,3,8,5,2,0,8,5,0,9,1,3,0,4,7,2,9,9,2,3
idUBfnE2,1,7,4,5,2,2,7,1,7,8,5,4,7,3,5,9,4,3,0,6
rMoJUaXx,3,3,7,1,9,7,7,7,9,9,2,5,2,4,7,9,8,7,4,7
SY7rD9tN,7,7,1,2,2,0,1,1,2,9,7,4,2,5,2,2,5,2,0,7
tnjsrRem,7,1,1,7,8,7,9,6,7,1,7,1,2,8,1,8,2,7,8,6
Aqs6k30p,7,4,8,1,1,1,1,7,4,8,4,0,5,1,5,5,9,1,5,6
vsi8NeTQ,0,7,0,9,4,0,2,4,7,9,4,9,1,6,9,6,0,2,8,0
9KzPRI3X,3,5,8,3,5,8,5,8,2,6,6,8,3,4,6,9,7,2,0,4
fo2gcpwt,7,0,8,6,4,0,8,6,5,3,8,5,4,6,8,0,7,8,0,8
8oHZEXV1,4,3,9,8,0,8,3,9,6,6,8,4,0,3,1,6,4,7,6,6
8AwQESvK,5,2,6,9,6,5,3,8,4,6,6,6,2,6,2,6,2,9,5,4
83XYAeql,6,0,2,1,7,3,4,9,6,2,2,0,8,2,3,1,5,4,5,6
yCUMQtlV,5,2,0,7,5,6,4,1,3,1,9,0,0,8,6,1,7,2,2,2
NanfxzEm,9,6,4,7,6,8,4,0,7,3,0,6,8,4,6,2,0,2,4,7
Z7kDFdHV,9,5,9,8,2,5,4,1,7,4,0,9,9,7,8,4,5,8,3,3
BClzKNX9,6,5,5,1,4,0,9,7,8,7,1,2,5,9,8,5,2,3,7,3
t4TAUjQr,8,0,8,6,6,9,6,6,4,6,2,6,4,2,6,5,1,4,8,9
HXkNOlhT,1,1,2,0,7,0,1,3,8,3,7,4,3,4,1,0,8,9,5,1
Eopt5eFI,3,7,1,3,1,1,3,4,4,0,7,5,0,7,2,5,8,8,0,5
faCpszyR,7,4,1,6,5,0,3,7,8,9,1,6,2,3,0,2,2,0,3,0
FgUpq27y,3,4,3,3,3,3,2,2,0,4,6,3,3,1,7,3,8,5,8,9
f3aSocCB,2,3,1,8,0,9,0,5,6,5,9,7,4,9,1,0,9,6,5,4
xSo7bFCL,7,8,7,9,9,3,4,9,7,5,1,6,6,0,2,1,8,2,5,4
L5k0Rbhe,8,5,4,0,5,3,8,1,9,3,4,4,9,4,6,4,6,7,3,8
sq2NCrKj,9,8,2,1,1,7,6,0,1,6,1,8,7,2,4,1,8,8,1,2
KMzHuZRL,4,9,2,5,4,1,7,8,4,1,3,9,5,6,9,9,3,7,0,4
yON46l1B,2,0,2,6,1,9,6,7,9,7,9,2,0,0,6,0,1,7,8,0
P5FufnQR,2,3,8,1,2,0,4,3,7,3,3,0,9,8,3,4,4,6,7,5
AL3Z7lHT,8,0,5,8,7,9,3,7,5,3,5,8,9,1,1,7,1,9,5,5
A5FEophd,3,6,0,2,5,1,6,2,4,5,9,0,1,2,9,3,8,4,9,2
2OJwjMF0,4,4,9,0,1,1,9,1,6,7,0,2,1,9,7,0,7,0,2,2
eSHYal3j,0,9,4,9,8,9,9,7,7,3,1,2,3,2,4,1,9,8,0,9
cNbvx0Dq,7,0,6,0,5,5,1,7,2,3,2,6,2,5,3,7,8,6,2,1
2wO8dngZ,1,2,6,0,2,3,9,5,6,8,8,9,5,7,2,5,2,6,2,6
xT9gXN2f,7,3,9,6,0,6,2,0,8,7,7,7,3,9,4,7,3,4,0,2
GtMHWnzC,9,9,2,6,8,3,1,6,9,2,9,4,7,1,5,7,3,4,5,2
vUSjFeQM,2,5,2,8,0,2,3,0,7,3,3,4,8,9,6,2,7,6,7,5
6AXIhJHn,5,8,3,0,1,8,2,2,7,1,6,0,2,2,5,7,8,9,0,9
eX7ahpPU,2,1,9,6,3,2,4,3,7,2,0,3,7,4,5,1,2,9,8,2
VLcHByrR,0,0,1,4,9,7,8,5,8,8,8,2,4,4,6,1,7,1,1,7
TZ4mhfJi,8,4,2,7,9,4,0,0,2,1,7,6,0,1,7,9,6,9,5,4
ZSxzlwto,0,5,7,0,2,8,6,0,6,6,3,4,0,8,9,5,1,8,9,8
DQm34Ohe,6,4,0,2,0,9,6,6,3,6,2,9,7,6,3,5,8,3,0,6
FsUl39hG,6,7,6,0,0,1,5,2,9,3,9,0,2,1,2,0,1,4,7,8
NFIGHUbp,7,0,1,5,1,1,4,0,5,6,2,3,7,4,3,6,9,1,1,0
qxCRHwu9,2,4,1,9,9,3,0,1,8,5,3,1,0,7,7,5,2,4,4,6
SUvqKXWA,4,8,0,4,6,8,3,3,3,4,5,7,4,7,7,3,3,8,5,0
bQFYr7fT,6,8,8,2,3,7,4,7,2,4,6,5,8,5,9,3,9,5,3,0
tMdBN3Cn,7,4,5,5,0,5,9,9,1,7,2,0,7,5,1,0,6,2,6,6
bfDkSenA,0,7,1,1,7,7,1,6,0,4,4,1,6,1,2,8,3,7,3,2
gzvbSIh7,8,1,8,4,1,7,2,2,1,3,6,4,8,5,0,1,8,5,8,5
GE4V9kDN,7,8,6,1,7,7,6,2,6,7,8,3,0,4,3,9,2,7,3,4
J3bVBo1n,6,7,9,3,6,0,7,3,0,8,9,3,3,6,2,5,6,7,5,7
2KecqLQS,2,1,5,6,3,7,8,7,2,3,4,8,5,3,7,9,9,3,2,6
gtLBFv2d,9,1,1,5,9,9,8,7,7,9,1,2,9,9,1,6,8,8,5,9
8W9UtSbd,3,5,5,6,8,0,2,2,2,0,8,0,1,6,9,7,9,6,2,7
1opWx5HE,3,2,1,5,1,4,8,0,0,0,9,8,9,4,6,1,9,8,8,6
08Rq3Sre,4,7,6,0,2,5,7,5,7,7,1,0,9,3,7,5,5,2,4,8
2dGO6N1m,8,4,5,6,3,1,6,4,9,1,3,5,3,6,3,4,8,8,6,4
lfTPzBxr,0,9,0,3,5,2,4,5,6,9,4,0,0,1,5,6,8,7,4,3
9Jq2f4Ui,6,2,9,3,0,6,7,7,5,3,6,0,2,3,8,9,0,9,0,1
TIRcV78r,6,4,2,2,6,7,7,7,3,9,5,9,9,3,7,6,4,2,8,5
9sFNa2Xp,1,4,6,8,3,9,8,9,6,3,1,0,3,6,9,1,4,3,8,4
PRyBxqQf,7,8,6,2,2,2,6,1,4,1,5,0,0,3,4,3,9,0,4,0
HV7O5PCZ,4,0,3,7,2,4,8,1,9,9,2,5,5,6,2,9,5,4,5,6
5En29s6i,5,8,6,1,1,8,5,5,9,8,8,2,3,0,3,4,8,9,2,9
dyKX3Ljs,9,5,2,0,3,2,7,0,5,2,4,6,1,0,9,4,1,8,9,3
sKUDSxYA,3,7,2,0,4,8,5,3,3,0,8,0,1,4,4,2,2,1,6,0
uETUAixr,1,7,5,9,7,9,7,4,9,8,8,9,7,8,9,9,8,2,8,9
j146vKCh,6,7,5,9,6,3,9,2,0,5,4,5,1,9,1,6,3,0,7,8
1XI9GJwQ,6,0,0,0,6,1,7,4,0,1,8,4,6,8,8,3,3,4,6,6
FANQDuci,7,9,8,4,9,8,3,5,0,2,0,3,1,1,7,2,6,7,4,1
CbiR0qgG,4,3,1,0,9,5,0,7,7,5,5,0,1,5,2,8,8,7,8,6
codfCgEp,8,9,7,2,9,8,5,8,2,0,2,5,1,0,8,4,9,9,8,6
zAHa0vKE,0,1,3,8,5,5,8,4,7,2,7,7,1,2,7,5,0,4,5,2
OrFcvT4K,9,2,0,8,0,3,9,6,6,0,1,2,3,1,1,3,0,4,6,9
2Ki6ZXMt,1,4,4,1,2,1,9,3,3,2,8,1,6,3,5,2,2,2,8,4
zlvFoWsq,4,0,9,8,2,9,2,6,8,4,6,2,2,2,4,5,7,3,9,9
Lq6Hvdwm,6,5,9,7,8,6,4,1,5,1,1,1,8,6,4,7,7,5,4,4
396UwPi5,1,8,5,2,2,2,6,0,5,7,5,9,3,4,1,5,2,7,8,3
2FsvUhMB,6,4,2,2,8,5,6,7,6,0,7,0,6,8,3,4,3,6,8,1
57SPC1Lf,0,9,7,6,3,8,2,9,1,4,0,0,7,4,9,7,6,3,0,1
ZC4gH3vj,2,2,5,7,9,0,7,2,8,8,7,2,4,1,5,6,5,4,0,3
pMWqdilO,3,7,1,5,2,3,5,1,6,7,0,8,6,9,6,0,6,8,5,5
lgcH6TtN,8,4,5,3,7,7,6,0,1,1,9,9,8,2,5,5,6,0,9,0
YnQRz4y5,4,9,3,4,4,6,9,5,6,1,6,3,1,9,7,0,4,5,2,4
hesE1Y7n,7,4,1,7,2,1,1,1,0,8,8,1,9,4,3,2,6,6,7,7
IQOZk0zB,2,2,7,9,6,2,8,9,5,2,6,4,9,2,7,3,8,9,7,2
oQHymZFU,6,4,1,7,9,9,1,2,0,3,8,4,8,1,4,1,4,6,3,5
PF9XtnaB,6,8,8,6,1,3,0,5,6,5,3,6,9,1,9,5,9,6,1,4
rSEy0QW4,9,2,7,2,9,9,0,0,0,0,5,0,0,5,0,4,1,0,5,2
UYo7MgFf,2,6,1,0,8,7,6,8,7,6,6,2,7,3,9,7,0,8,1,6
K48swxiq,0,1,1,5,4,1,0,8,9,2,1,2,9,7,6,4,2,3,0,3
954zUseM,2,3,7,6,8,7,4,3,7,3,1,6,9,9,3,4,5,1,0,8
LgxYOhRM,1,9,0,4,1,9,8,2,6,3,9,6,9,2,1,7,2,1,6,6
l3tMKGCJ,6,0,8,1,6,7,9,1,2,6,5,9,5,2,9,7,8,6,2,1
gSLAnbaK,3,7,6,7,7,3,1,6,5,2,0,9,6,7,9,0,6,9,3,2
3aY8XOvE,7,5,9,3,2,2,3,8,0,2,5,9,3,8,2,1,8,8,4,2
BlH7DMs4,8,4,5,1,0,0,2,3,9,5,3,2,1,6,3,3,4,5,3,7
YBimR9IP,1,4,5,3,2,6,8,4,8,1,9,2,6,1,5,3,6,8,4,5
0MSsiXvZ,8,0,3,3,4,2,0,1,9,7,1,6,1,0,0,8,4,2,8,5
yArzFiKM,7,5,0,0,6,1,4,7,3,9,2,7,7,8,7,2,7,2,7,9
SdMniZDc,5,0,9,2,3,5,4,6,1,1,4,7,2,6,0,8,4,8,6,5
f6dqgheC,8,8,8,4,6,4,5,6,9,9,3,9,9,5,1,3,8,9,4,7
lXwaR79z,4,0,0,1,6,0,0,6,4,5,8,6,0,6,7,6,2,2,9,2
UFCv1dJT,1,2,7,4,4,6,0,3,7,4,0,6,5,7,8,4,5,5,6,8
6dRgUi28,5,9,2,2,9,7,9,8,1,4,3,4,2,4,2,2,5,1,4,4
Bk8Vev5f,5,9,7,4,4,4,8,2,9,7,9,6,6,7,2,7,1,2,4,5
oWvJEQtr,8,9,4,6,0,0,3,5,8,5,2,2,9,0,2,8,7,2,5,1
mvlYrc6H,4,7,8,7,4,4,9,7,6,5,4,8,3,6,5,9,2,3,6,1
HKOrLsM0,8,4,8,2,9,7,8,7,8,0,8,9,6,6,4,9,4,9,3,4
mPXSQZ65,1,0,6,2,2,5,4,0,3,6,0,3,5,4,2,8,7,1,0,0
CXB2OowS,3,4,3,4,8,4,0,2,1,1,0,8,2,8,5,7,6,4,8,9
bWQ7OJ3o,7,7,1,6,6,3,4,0,2,6,8,3,5,9,8,8,3,7,4,6
CFTN9MBq,3,8,2,3,1,3,0,6,0,5,3,4,9,0,8,8,3,4,0,0
zivDora0,1,6,1,9,3,8,7,3,1,3,3,0,4,8,2,9,1,2,0,9
QJKXyic5,9,2,4,4,3,9,0,1,1,4,7,1,9,2,3,1,6,8,3,8
u2nZJK91,7,8,5,0,1,0,9,1,0,1,5,0,6,6,2,6,9,7,7,1
WhaETIJ8,3,7,8,1,0,4,8,6,4,0,4,4,7,3,7,3,6,4,3,2
vtxML4wz,3,1,0,9,5,8,2,4,4,8,0,5,2,8,7,7,0,5,8,6
ET0oMm6c,5,2,6,8,9,1,2,0,7,7,3,1,7,9,7,9,9,2,1,8
ObUG98hr,3,5,2,8,0,7,3,8,7,0,8,5,5,4,0,8,3,7,5,3
1DgG2sLJ,2,2,0,1,3,8,0,9,9,8,3,9,0,6,1,7,7,8,0,6
kq5axryP,6,8,8,3,2,6,6,7,3,9,8,4,7,2,2,6,7,3,4,6
0xi2oSUD,6,7,0,0,1,9,8,1,0,9,1,6,2,6,3,3,7,0,5,5
8NLoT5PW,0,0,5,9,2,6,3,0,6,9,1,3,4,2,9,4,7,9,7,1
9ilTQVrj,1,9,3,4,7,5,8,0,9,9,7,0,0,9,5,7,3,3,9,8
ny1REBNG,7,2,5,7,0,5,9,7,4,8,6,6,0,2,9,2,6,0,6,9
DErq0Sjd,9,8,0,3,9,2,6,6,0,6,6,9,0,1,3,7,8,1,3,3
Nl4yBou0,5,7,4,5,3,6,6,3,6,3,8,1,2,8,6,3,8,7,6,7
kCHpO6Iz,9,3,9,8,7,2,9,7,7,0,2,0,1,3,9,2,6,8,0,6
EsrCgZU2,6,6,4,9,6,2,7,7,3,6,6,8,5,5,4,7,3,7,4,1
o5GXyx8K,8,4,2,8,5,1,5,5,7,3,4,7,8,0,3,8,1,3,8,3
R6wd18K0,7,1,0,6,7,7,5,5,6,5,9,4,6,5,8,7,2,9,0,6
IA37BxqE,4,7,0,8,9,9,9,6,1,9,1,5,2,5,5,8,3,2,4,8
7sBMcqe1,9,7,2,4,2,7,3,8,2,7,0,0,6,7,9,6,3,3,3,4
m7RJ3bvX,9,0,2,6,2,1,9,8,4,7,3,0,1,1,3,7,8,5,4,5
MXKS6kOH,6,9,9,5,9,7,5,3,7,2,8,1,7,4,4,3,8,1,1,6
ahU8dYOo,8,5,6,5,2,2,1,7,2,4,4,4,7,2,7,9,2,0,6,6
vLDRqfFV,3,4,8,0,5,7,8,8,6,1,7,8,5,5,1,4,4,1,8,2
xypIFgOq,6,9,8,7,9,7,1,9,3,0,3,8,2,2,7,1,9,6,8,3
bwFXeN6q,9,6,6,8,2,9,9,2,5,2,3,9,2,2,1,7,9,1,9,8
tk9Sb6eZ,4,1,5,4,6,9,4,1,8,7,7,9,4,8,9,3,7,6,2,7
VgWHwtN2,3,9,4,1,7,8,8,3,3,8,6,3,7,2,6,4,3,5,1,4
