2.0 3.0 5.0 14.0 4.0 133.1 23.2 9.2 240.9 6.0
2.0 3.0 4.0 12.3 4.0 61.6 12.0 8.3 157.3 4.3
2.0 3.0 4.0 7.7 4.0 56.3 15.0 11.5 129.5 2.9
3.0 2.0 4.0 0.0 7.0 126.6 8.9 4.9 67.5 6.6
2.0 2.0 5.0 7.8 4.0 103.6 13.6 10.6 145.8 4.0
2.0 2.0 4.0 12.5 4.0 166.2 10.1 10.7 87.9 6.7
3.0 2.0 6.0 0.0 5.0 229.1 27.1 36.6 97.0 3.2
2.0 3.0 5.0 5.2 4.0 145.6 20.2 10.8 128.9 4.1
3.0 1.0 1.0 0.0 5.0 195.2 23.8 51.7 0.0 5.0
1.0 2.0 1.0 7.2 3.0 123.3 21.3 9.9 87.3 6.6
1.0 1.0 1.0 66.2 1.0 243.1 33.5 19.6 147.1 30.6
2.0 2.0 5.0 14.2 4.0 99.4 18.9 10.5 183.0 4.8
2.0 3.0 4.0 15.9 4.0 53.3 14.2 11.4 164.0 4.3
3.0 1.0 1.0 0.0 6.0 141.8 26.7 38.1 0.0 5.0
1.0 2.0 1.0 23.3 1.0 172.0 26.7 22.9 142.5 8.9
2.0 3.0 5.0 3.1 4.0 146.9 17.4 16.4 211.5 4.7
2.0 3.0 5.0 17.7 4.0 154.0 21.2 13.8 195.1 6.3
2.0 2.0 4.0 3.2 4.0 134.9 11.5 4.4 134.5 6.2
2.0 3.0 4.0 13.0 4.0 66.1 14.7 12.6 235.0 5.0
2.0 3.0 4.0 19.6 4.0 66.6 11.1 9.0 225.6 6.5
2.0 3.0 4.0 2.5 4.0 56.6 9.0 14.8 147.0 2.8
3.0 1.0 1.0 0.0 6.0 168.9 21.3 28.8 0.0 7.0
3.0 2.0 6.0 0.0 5.0 199.0 24.8 30.8 113.4 3.2
2.0 3.0 5.0 11.6 4.0 132.5 16.5 12.8 196.1 5.1
1.0 1.0 1.0 3.1 1.0 248.2 25.2 31.6 164.0 8.3
1.0 2.0 4.0 23.7 2.0 222.3 11.8 17.0 123.4 8.9
1.0 2.0 4.0 47.5 2.0 237.0 12.3 7.9 140.5 18.9
3.0 2.0 6.0 0.0 5.0 228.1 25.1 36.0 78.3 3.1
2.0 2.0 4.0 4.4 4.0 169.8 12.8 6.7 94.7 6.4
3.0 2.0 1.0 0.0 5.0 236.6 27.6 41.0 119.7 8.2
2.0 3.0 4.0 17.4 4.0 67.7 12.9 9.8 174.8 5.3
2.0 2.0 5.0 4.9 4.0 87.9 16.8 11.4 137.0 3.0
1.0 2.0 1.0 17.4 1.0 171.9 25.1 32.6 86.8 6.1
1.0 2.0 4.0 61.2 1.0 163.8 16.3 12.6 78.7 22.4
3.0 2.0 1.0 0.0 5.0 212.3 26.9 40.6 106.4 7.4
2.0 2.0 4.0 6.1 4.0 177.5 11.1 13.9 139.8 6.7
2.0 2.0 5.0 2.7 4.0 98.4 15.0 9.6 125.8 3.3
1.0 2.0 4.0 56.2 1.0 152.1 18.2 12.0 43.3 18.6
1.0 2.0 1.0 43.2 1.0 153.3 27.3 29.6 104.2 13.8
2.0 3.0 4.0 1.3 4.0 62.7 9.3 13.4 246.9 4.4
3.0 1.0 1.0 0.0 5.0 205.0 20.4 32.7 0.0 7.3
1.0 2.0 1.0 23.3 1.0 155.8 27.4 29.0 82.4 7.0
1.0 2.0 1.0 25.0 1.0 159.5 26.5 28.4 93.7 7.8
1.0 1.0 3.0 33.3 3.0 112.4 21.9 8.3 78.7 10.0
1.0 1.0 1.0 78.3 1.0 227.5 32.4 20.2 178.9 39.3
1.0 2.0 4.0 13.8 2.0 97.5 10.3 3.9 149.5 5.2
2.0 2.0 4.0 18.5 4.0 105.7 12.8 5.8 138.4 6.9
3.0 1.0 1.0 0.0 5.0 206.6 24.3 47.0 0.0 5.8
3.0 2.0 4.0 0.0 7.0 147.3 8.6 5.0 53.6 7.0
2.0 3.0 5.0 7.6 4.0 128.6 19.5 13.1 172.5 4.1
1.0 1.0 1.0 93.1 1.0 251.8 28.6 17.9 166.7 53.0
1.0 1.0 1.0 88.5 1.0 202.2 34.3 22.1 128.4 46.2
2.0 3.0 4.0 13.9 4.0 60.4 12.7 9.8 177.9 4.6
2.0 3.0 5.0 18.9 4.0 127.2 18.9 13.4 200.3 5.9
3.0 2.0 4.0 0.0 7.0 165.6 11.0 5.5 71.5 7.6
1.0 2.0 1.0 19.3 2.0 153.6 25.3 20.4 128.5 8.0
2.0 2.0 5.0 11.5 4.0 70.8 15.5 10.4 119.7 3.0
2.0 3.0 4.0 18.6 4.0 59.3 11.7 4.7 127.7 5.2
1.0 2.0 1.0 23.5 1.0 161.1 26.5 32.0 99.1 7.2
1.0 2.0 1.0 25.2 1.0 173.9 29.8 16.7 149.7 10.0
2.0 2.0 4.0 16.9 4.0 139.8 12.6 7.7 116.5 7.1
1.0 1.0 2.0 63.6 1.0 654.7 30.2 45.7 248.6 38.6
1.0 2.0 4.0 87.4 1.0 169.7 15.6 7.6 67.6 42.4
1.0 1.0 1.0 57.1 1.0 239.8 34.4 18.6 139.1 24.9
3.0 1.0 1.0 0.0 6.0 149.4 23.8 35.9 0.0 5.6
1.0 1.0 3.0 41.9 3.0 119.4 21.5 8.9 119.1 13.9
2.0 3.0 4.0 18.6 4.0 67.7 15.0 9.2 149.7 5.1
3.0 2.0 4.0 0.0 7.0 163.9 9.0 5.2 56.2 7.5
1.0 1.0 2.0 18.7 1.0 733.2 33.7 41.3 94.1 20.6
1.0 1.0 2.0 3.8 1.0 788.9 33.1 35.2 96.1 21.2
2.0 3.0 4.0 18.7 4.0 68.9 10.8 5.1 207.6 6.6
3.0 1.0 1.0 0.0 6.0 167.0 24.1 38.7 0.0 5.8
1.0 2.0 4.0 90.0 1.0 158.9 17.2 6.8 46.4 44.2
1.0 1.0 1.0 66.8 1.0 250.0 28.7 15.1 188.3 32.5
2.0 3.0 4.0 17.0 4.0 61.6 11.8 12.9 243.7 5.7
2.0 3.0 4.0 5.9 4.0 65.4 12.2 6.0 142.2 3.9
1.0 1.0 3.0 9.3 2.0 123.1 21.7 16.0 127.8 4.7
2.0 2.0 5.0 18.5 4.0 76.9 14.0 16.9 101.6 3.4
1.0 2.0 1.0 24.4 1.0 176.7 28.6 22.4 83.1 8.5
2.0 2.0 4.0 9.2 4.0 123.8 12.8 14.1 149.8 5.4
1.0 1.0 2.0 34.0 1.0 713.9 33.6 36.0 137.7 25.2
3.0 1.0 1.0 0.0 5.0 230.4 21.2 36.8 0.0 7.6
3.0 1.0 1.0 0.0 6.0 149.0 20.1 26.9 0.0 6.7
3.0 1.0 1.0 0.0 5.0 225.6 19.1 47.7 0.0 6.5
3.0 2.0 6.0 0.0 5.0 219.8 25.9 20.3 129.7 5.1
3.0 2.0 4.0 0.0 7.0 144.5 9.3 7.2 89.3 7.2
1.0 1.0 2.0 65.5 1.0 680.5 32.5 52.5 174.4 38.8
1.0 1.0 2.0 87.3 1.0 660.8 31.2 50.9 173.4 55.1
3.0 1.0 1.0 0.0 5.0 198.6 20.5 48.1 0.0 5.6
3.0 1.0 1.0 0.0 5.0 183.7 22.1 51.7 0.0 4.7
3.0 2.0 6.0 0.0 5.0 197.9 25.3 37.8 110.1 2.4
2.0 2.0 5.0 13.5 4.0 95.8 16.3 13.4 108.2 3.5
1.0 2.0 4.0 83.0 1.0 165.0 15.8 7.6 63.0 38.5
3.0 2.0 1.0 0.0 5.0 224.2 25.6 28.7 98.9 8.9
2.0 3.0 5.0 6.0 4.0 126.0 18.7 13.3 235.9 4.8
1.0 2.0 4.0 31.8 2.0 152.1 10.6 18.1 145.3 9.4
3.0 2.0 1.0 0.0 5.0 211.8 24.4 29.5 83.2 8.4
1.0 1.0 1.0 70.6 1.0 202.9 34.8 24.4 159.3 32.1
3.0 1.0 1.0 0.0 5.0 197.5 20.1 42.9 0.0 6.1
3.0 1.0 1.0 0.0 5.0 182.0 24.6 37.2 0.0 6.0
2.0 2.0 4.0 8.9 4.0 138.2 11.6 9.7 138.7 6.2
2.0 3.0 4.0 15.2 4.0 58.3 10.6 10.3 126.1 4.1
1.0 2.0 1.0 11.1 2.0 188.5 23.3 29.7 129.3 7.0
2.0 2.0 4.0 8.1 4.0 148.5 13.7 9.0 75.9 5.5
1.0 1.0 1.0 78.3 1.0 236.4 30.3 14.3 156.8 40.0
2.0 2.0 4.0 10.8 4.0 151.7 12.3 13.0 111.2 6.0
2.0 2.0 4.0 12.2 4.0 169.1 9.0 14.0 89.3 6.4
2.0 3.0 4.0 9.0 4.0 63.1 12.4 13.3 135.6 3.2
2.0 2.0 4.0 1.5 4.0 121.5 13.9 3.8 96.7 5.2
2.0 3.0 4.0 12.4 4.0 55.1 10.1 8.4 228.1 5.2
3.0 2.0 6.0 0.0 5.0 224.0 26.2 20.0 139.7 5.3
1.0 2.0 4.0 32.1 2.0 236.6 14.7 7.7 88.9 12.0
1.0 2.0 4.0 80.6 1.0 163.4 16.0 9.9 55.0 36.1
3.0 1.0 1.0 0.0 5.0 193.6 27.1 33.2 0.0 6.6
2.0 3.0 4.0 9.8 4.0 51.1 11.0 10.4 141.1 3.4
2.0 3.0 5.0 10.3 4.0 156.9 23.1 10.6 178.7 5.3
3.0 2.0 6.0 0.0 5.0 225.3 26.3 26.9 103.1 4.2
3.0 1.0 1.0 0.0 6.0 152.1 27.2 35.1 0.0 5.6
1.0 1.0 2.0 23.3 1.0 641.3 34.4 34.7 136.8 20.1
2.0 2.0 5.0 19.8 4.0 85.4 17.9 17.8 164.6 4.5
1.0 2.0 4.0 42.7 2.0 163.4 14.1 7.9 115.5 14.2
3.0 1.0 1.0 0.0 6.0 135.4 21.1 31.1 0.0 5.8
1.0 1.0 1.0 54.9 1.0 240.8 34.2 22.5 130.0 23.2
1.0 2.0 4.0 96.9 1.0 145.2 17.9 12.1 44.4 29.6
2.0 2.0 4.0 18.7 4.0 112.8 11.1 9.1 111.8 6.5
2.0 3.0 5.0 3.8 4.0 154.8 16.3 9.4 224.1 5.9
3.0 2.0 4.0 0.0 7.0 130.8 12.4 5.7 80.2 6.6
1.0 2.0 4.0 89.2 1.0 183.1 15.3 13.2 83.0 44.1
3.0 2.0 4.0 0.0 7.0 120.7 13.4 3.5 54.5 6.2
1.0 1.0 3.0 39.1 3.0 117.3 21.6 7.7 82.6 12.3
3.0 1.0 1.0 0.0 5.0 236.4 27.6 35.6 0.0 7.6
2.0 3.0 5.0 3.3 4.0 149.4 19.7 16.0 233.1 5.0
2.0 2.0 4.0 18.2 4.0 159.1 11.1 12.9 119.7 7.5
2.0 2.0 5.0 1.3 4.0 76.5 13.7 17.6 108.9 1.7
2.0 3.0 5.0 3.8 4.0 125.8 20.3 17.2 157.6 3.2
1.0 1.0 2.0 21.2 1.0 638.8 32.6 37.3 78.8 18.6
2.0 2.0 4.0 3.9 4.0 172.1 12.9 8.8 82.6 6.1
2.0 2.0 4.0 9.5 4.0 159.4 10.5 12.2 145.6 6.7
2.0 3.0 5.0 19.7 4.0 150.1 16.0 12.8 241.9 7.5
1.0 1.0 2.0 49.2 1.0 774.4 33.4 34.4 72.4 32.5
2.0 3.0 5.0 16.9 4.0 159.9 18.7 13.5 249.7 7.2
3.0 1.0 1.0 0.0 5.0 207.1 23.0 47.9 0.0 5.7
1.0 2.0 4.0 45.7 2.0 220.3 12.0 12.7 118.6 16.8
2.0 2.0 4.0 13.1 4.0 149.8 11.1 9.3 137.6 7.0
1.0 1.0 3.0 33.2 3.0 112.2 21.9 10.9 109.5 10.1
3.0 2.0 4.0 0.0 7.0 120.7 10.1 7.1 68.0 6.2
2.0 2.0 5.0 16.5 4.0 78.4 15.2 16.8 120.5 3.3
3.0 2.0 1.0 0.0 5.0 220.4 28.8 40.3 109.0 7.6
1.0 2.0 1.0 22.1 1.0 185.7 28.6 29.9 145.7 8.3
2.0 3.0 4.0 1.0 4.0 69.2 10.8 5.9 173.9 4.3
1.0 2.0 4.0 85.2 1.0 140.5 17.8 13.0 46.7 38.8
2.0 3.0 5.0 4.6 4.0 150.5 23.1 16.1 196.3 4.4
2.0 3.0 4.0 19.8 4.0 57.4 14.0 12.4 147.5 4.8
1.0 2.0 4.0 44.6 2.0 199.7 13.0 11.5 111.5 15.7
2.0 2.0 4.0 7.0 4.0 166.8 9.4 12.5 141.8 6.7
2.0 2.0 4.0 2.7 4.0 117.0 11.3 3.2 115.2 5.6
2.0 3.0 5.0 12.7 4.0 138.4 19.9 14.4 221.8 5.4
3.0 1.0 1.0 0.0 6.0 173.9 24.0 31.4 0.0 6.7
2.0 2.0 4.0 8.5 4.0 122.8 11.0 12.4 144.2 5.5
2.0 2.0 5.0 5.6 4.0 84.1 18.2 14.1 123.2 2.4
1.0 2.0 4.0 47.1 2.0 172.5 10.1 9.7 78.2 16.0
1.0 2.0 1.0 28.3 1.0 178.1 26.5 34.9 77.2 8.3
2.0 2.0 4.0 10.2 4.0 115.0 9.1 8.5 84.2 5.2
2.0 3.0 4.0 6.4 4.0 58.8 11.6 7.9 185.6 4.1
2.0 3.0 4.0 7.0 4.0 60.7 13.4 8.3 202.2 4.3
1.0 1.0 3.0 10.4 2.0 123.3 22.3 18.5 125.7 4.5
2.0 3.0 5.0 3.6 4.0 142.5 18.0 14.9 226.3 4.9
2.0 3.0 5.0 4.4 4.0 136.3 22.6 13.7 165.1 3.8
2.0 2.0 5.0 17.2 4.0 100.3 16.3 9.0 189.5 5.7
1.0 2.0 4.0 13.8 2.0 96.4 10.1 3.3 134.8 5.0
3.0 1.0 1.0 0.0 6.0 178.5 21.1 33.7 0.0 6.8
2.0 2.0 5.0 12.4 4.0 77.6 13.6 13.4 129.4 3.2
2.0 3.0 5.0 5.7 4.0 140.2 17.6 16.8 190.7 4.3
1.0 2.0 4.0 91.4 1.0 163.1 18.3 12.2 56.3 45.1
1.0 1.0 1.0 62.4 1.0 235.4 31.6 14.4 110.2 28.1
1.0 1.0 2.0 21.3 1.0 710.7 33.2 33.4 105.0 21.4
3.0 1.0 1.0 0.0 5.0 190.2 24.5 47.6 0.0 5.2
1.0 2.0 1.0 37.7 1.0 161.9 31.1 19.2 132.5 13.1
3.0 1.0 1.0 0.0 6.0 144.3 26.5 38.1 0.0 5.1
3.0 1.0 1.0 0.0 5.0 211.3 27.3 33.5 0.0 7.1
3.0 2.0 4.0 0.0 7.0 150.5 9.6 4.1 68.2 7.4
1.0 2.0 1.0 33.1 1.0 151.8 27.4 31.5 76.8 9.4
1.0 2.0 1.0 40.8 1.0 173.0 30.4 37.4 80.2 12.1
1.0 2.0 1.0 37.7 1.0 199.3 30.9 28.4 132.7 13.2
1.0 1.0 2.0 72.8 1.0 663.3 31.3 55.9 217.8 43.6
3.0 2.0 4.0 0.0 7.0 152.2 11.8 7.7 80.1 7.1
2.0 2.0 5.0 11.5 4.0 75.0 18.8 8.5 123.2 3.2
1.0 1.0 3.0 8.0 2.0 121.6 21.1 16.9 89.9 4.0
2.0 3.0 4.0 9.4 4.0 54.9 12.4 9.7 179.7 3.9
2.0 3.0 5.0 19.6 4.0 127.5 20.4 12.1 219.1 6.4
2.0 3.0 4.0 7.7 4.0 52.1 13.8 8.6 147.9 3.3
2.0 2.0 4.0 17.2 4.0 135.9 11.8 12.6 89.3 6.2
3.0 1.0 1.0 0.0 6.0 142.0 21.4 38.5 0.0 5.2
2.0 2.0 4.0 13.9 4.0 105.5 13.1 6.7 125.1 5.9
3.0 2.0 1.0 0.0 5.0 192.8 26.6 46.4 109.7 6.4
3.0 2.0 1.0 0.0 5.0 192.8 25.9 42.1 129.5 7.1
2.0 2.0 4.0 8.9 4.0 116.1 12.1 11.8 139.9 5.3
2.0 3.0 4.0 7.7 4.0 57.5 9.8 13.2 134.0 3.0
3.0 1.0 1.0 0.0 5.0 208.0 26.8 52.0 0.0 5.2
3.0 2.0 1.0 0.0 5.0 207.8 26.0 40.9 132.9 7.7
3.0 1.0 1.0 0.0 6.0 158.2 24.9 34.8 0.0 5.9
3.0 2.0 1.0 0.0 5.0 195.7 27.9 35.1 117.3 7.6
3.0 2.0 6.0 0.0 5.0 195.9 27.7 31.7 145.1 3.3
1.0 1.0 3.0 32.5 3.0 117.6 21.3 7.2 79.2 10.0
2.0 3.0 4.0 8.9 4.0 60.6 11.2 6.1 170.9 4.4
3.0 2.0 6.0 0.0 5.0 192.6 28.8 25.1 144.7 3.8
2.0 3.0 4.0 18.0 4.0 56.1 12.9 11.9 148.2 4.5
3.0 2.0 1.0 0.0 5.0 200.4 26.5 28.7 95.1 8.2
1.0 1.0 3.0 31.8 3.0 127.4 21.0 8.7 124.5 10.5
1.0 1.0 1.0 95.1 1.0 206.6 30.1 15.6 176.3 53.8
1.0 2.0 4.0 45.3 2.0 233.2 11.5 16.3 140.2 17.0
1.0 1.0 1.0 57.4 1.0 237.7 34.6 13.0 188.5 26.2
1.0 2.0 1.0 37.2 1.0 194.8 27.6 39.7 111.3 11.7
2.0 2.0 5.0 2.6 4.0 75.6 17.5 14.1 186.6 2.9
3.0 1.0 1.0 0.0 5.0 199.8 27.7 35.5 0.0 6.5
1.0 1.0 3.0 30.1 3.0 122.2 21.0 9.4 96.6 9.4
2.0 3.0 5.0 12.0 4.0 143.0 15.8 14.3 166.9 4.9
3.0 1.0 1.0 0.0 6.0 167.7 26.2 40.9 0.0 5.5
3.0 1.0 1.0 0.0 6.0 149.9 20.6 38.7 0.0 5.5
3.0 1.0 1.0 0.0 5.0 204.6 22.9 36.7 0.0 6.8
2.0 3.0 4.0 3.5 4.0 53.2 11.9 7.2 167.6 3.6
1.0 1.0 3.0 8.8 2.0 131.8 22.0 12.2 161.1 5.7
1.0 1.0 2.0 50.2 1.0 725.8 32.4 44.6 245.0 33.0
2.0 2.0 5.0 9.3 4.0 81.0 17.6 16.6 181.5 3.2
1.0 1.0 3.0 26.9 3.0 132.5 21.5 10.3 134.1 9.2
3.0 2.0 1.0 0.0 5.0 224.8 24.6 39.6 133.8 8.4
3.0 1.0 1.0 0.0 5.0 181.9 27.5 39.4 0.0 5.6
1.0 2.0 4.0 10.1 3.0 100.6 10.1 2.2 77.2 4.4
3.0 1.0 1.0 0.0 6.0 143.7 20.4 29.8 0.0 6.2
3.0 2.0 4.0 0.0 7.0 140.1 11.8 7.2 52.3 6.4
3.0 2.0 6.0 0.0 5.0 211.7 26.1 29.0 144.1 4.1
2.0 3.0 5.0 14.5 4.0 148.2 22.6 14.1 145.8 4.8
1.0 2.0 1.0 22.2 1.0 150.9 27.8 28.4 86.5 6.7
3.0 2.0 6.0 0.0 5.0 230.6 26.8 38.4 97.3 3.1
1.0 2.0 1.0 44.2 1.0 190.6 30.8 25.3 93.9 15.4
2.0 3.0 4.0 9.1 4.0 55.1 14.3 15.1 192.4 3.5
2.0 3.0 5.0 10.7 4.0 143.3 20.0 12.1 138.9 4.4
1.0 2.0 1.0 40.3 1.0 155.1 25.5 29.2 92.3 12.6
2.0 2.0 4.0 14.5 4.0 111.8 9.3 12.4 116.1 5.6
3.0 2.0 4.0 0.0 7.0 138.8 10.5 5.3 68.7 6.9
2.0 3.0 4.0 2.1 4.0 54.7 10.6 14.6 135.7 2.5
2.0 3.0 4.0 4.8 4.0 52.9 12.3 14.3 215.4 3.6
2.0 2.0 5.0 19.9 4.0 71.2 16.6 11.1 124.2 4.3
3.0 2.0 6.0 0.0 5.0 199.8 27.9 32.8 135.7 3.2
1.0 2.0 1.0 46.1 1.0 164.1 30.6 22.4 133.8 16.4
1.0 1.0 2.0 13.5 1.0 795.9 33.9 38.8 122.2 22.1
3.0 2.0 6.0 0.0 5.0 192.8 27.3 28.1 93.7 2.9
1.0 2.0 4.0 38.1 2.0 186.0 11.9 15.1 148.4 12.8
2.0 3.0 5.0 19.1 4.0 155.8 16.3 9.0 191.8 7.3
3.0 2.0 4.0 0.0 7.0 155.7 10.1 5.3 73.6 7.4
3.0 2.0 6.0 0.0 5.0 231.5 24.4 20.2 120.2 5.3
2.0 2.0 5.0 13.8 4.0 71.7 18.9 16.2 115.7 2.5
3.0 2.0 1.0 0.0 5.0 239.2 27.6 36.7 126.3 8.8
1.0 2.0 1.0 11.5 2.0 158.6 25.3 38.2 115.4 5.0
1.0 2.0 4.0 73.6 1.0 172.0 17.7 13.5 78.9 30.8
2.0 2.0 4.0 1.1 4.0 131.0 13.9 7.5 136.3 5.7
2.0 3.0 5.0 4.0 4.0 125.2 21.9 9.3 239.8 5.0
1.0 2.0 4.0 50.2 1.0 171.2 19.0 12.0 79.6 16.4
3.0 1.0 1.0 0.0 5.0 214.0 21.9 50.2 0.0 5.8
1.0 1.0 2.0 62.1 1.0 723.5 33.9 55.6 232.9 38.2
1.0 2.0 1.0 14.4 3.0 129.6 21.0 7.5 103.1 8.0
1.0 1.0 1.0 76.5 1.0 247.9 31.3 22.3 105.7 37.4
3.0 1.0 1.0 0.0 5.0 181.6 27.4 33.9 0.0 6.2
3.0 1.0 1.0 0.0 6.0 160.4 26.2 31.1 0.0 6.3
1.0 1.0 1.0 69.5 1.0 250.3 32.3 12.5 174.6 34.2
1.0 1.0 2.0 24.8 1.0 761.1 33.9 40.2 134.9 23.3
3.0 2.0 6.0 0.0 5.0 219.1 29.0 30.6 144.2 4.0
3.0 2.0 6.0 0.0 5.0 210.9 24.9 23.4 148.2 4.8
3.0 2.0 4.0 0.0 7.0 140.8 7.3 8.0 58.4 6.7
2.0 2.0 5.0 16.6 4.0 72.3 16.3 15.7 100.8 2.9
2.0 2.0 4.0 6.9 4.0 114.2 11.0 3.6 116.9 5.7
3.0 1.0 1.0 0.0 6.0 149.0 27.4 27.4 0.0 6.2
3.0 1.0 1.0 0.0 6.0 161.3 24.8 39.2 0.0 5.5
1.0 2.0 1.0 35.1 1.0 175.2 31.1 24.3 133.6 12.0
1.0 1.0 2.0 52.3 1.0 664.1 31.6 52.0 228.7 31.4
1.0 2.0 1.0 26.9 1.0 184.2 30.4 29.0 124.9 9.2
2.0 2.0 4.0 3.5 4.0 111.1 9.6 3.6 145.3 5.9
2.0 2.0 5.0 2.2 4.0 82.8 18.7 10.4 126.7 2.6
3.0 2.0 4.0 0.0 7.0 132.4 8.2 6.0 81.3 6.9
3.0 2.0 1.0 0.0 5.0 199.0 26.5 27.7 95.4 8.2
1.0 1.0 3.0 28.2 3.0 128.3 21.0 7.2 80.6 9.0
2.0 3.0 5.0 10.4 4.0 143.1 17.1 14.3 201.8 5.2
3.0 2.0 4.0 0.0 7.0 159.2 12.5 5.8 74.6 7.4
1.0 1.0 2.0 73.6 1.0 643.6 31.2 52.9 208.2 43.8
2.0 2.0 4.0 9.1 4.0 148.7 12.7 6.3 76.9 6.0
2.0 3.0 5.0 6.9 4.0 137.4 17.7 9.3 178.0 4.9
1.0 1.0 2.0 54.6 1.0 737.8 34.7 52.5 227.4 34.5
2.0 3.0 5.0 9.2 4.0 153.1 23.2 12.8 160.6 4.6
2.0 3.0 4.0 2.6 4.0 53.4 11.8 12.4 226.9 3.9
3.0 2.0 4.0 0.0 7.0 137.2 9.6 5.3 61.3 6.8
3.0 1.0 1.0 0.0 5.0 214.6 19.3 32.3 0.0 7.7
2.0 2.0 5.0 17.3 4.0 90.3 15.7 14.4 190.4 4.9
3.0 1.0 1.0 0.0 6.0 154.0 21.5 28.5 0.0 6.6
1.0 1.0 3.0 48.8 3.0 129.5 21.9 9.6 124.1 17.3
2.0 3.0 4.0 15.8 4.0 50.5 14.3 5.4 155.9 4.6
3.0 1.0 1.0 0.0 5.0 190.3 25.0 36.0 0.0 6.4
3.0 1.0 1.0 0.0 5.0 214.5 22.8 49.7 0.0 5.8
3.0 2.0 6.0 0.0 5.0 202.2 26.0 36.5 90.6 2.4
2.0 3.0 4.0 1.3 4.0 64.9 14.5 7.7 242.1 4.7
3.0 1.0 1.0 0.0 6.0 146.5 21.3 32.8 0.0 5.9
2.0 3.0 5.0 10.9 4.0 137.7 17.0 8.8 203.5 5.6
1.0 1.0 2.0 1.2 1.0 647.2 33.2 39.8 106.8 16.7
1.0 1.0 3.0 17.8 2.0 132.3 21.9 15.8 126.6 6.1
1.0 1.0 1.0 77.7 1.0 201.1 32.1 20.2 174.4 38.1
1.0 2.0 4.0 7.6 2.0 100.5 10.9 2.4 101.0 4.1
2.0 2.0 4.0 16.5 4.0 181.6 14.4 2.5 86.5 8.3
3.0 2.0 6.0 0.0 5.0 206.5 26.2 32.4 97.6 3.0
1.0 2.0 1.0 9.8 1.0 145.6 25.0 30.6 136.7 5.2
3.0 1.0 1.0 0.0 6.0 150.0 20.4 37.5 0.0 5.6
3.0 1.0 1.0 0.0 6.0 162.2 26.3 31.2 0.0 6.3
2.0 2.0 5.0 17.8 4.0 88.4 16.1 15.7 189.0 4.8
2.0 3.0 5.0 4.7 4.0 156.7 16.2 11.3 204.7 5.5
1.0 2.0 1.0 35.0 1.0 168.1 26.5 18.9 75.9 11.8
3.0 2.0 1.0 0.0 5.0 222.3 28.9 40.3 101.3 7.6
1.0 2.0 1.0 31.5 1.0 161.2 30.7 26.8 105.1 9.8
3.0 1.0 1.0 0.0 6.0 134.4 23.3 32.8 0.0 5.5
2.0 3.0 5.0 19.1 4.0 127.8 19.3 16.4 157.2 5.1
1.0 1.0 3.0 45.6 3.0 118.7 21.8 9.7 130.1 15.6
3.0 2.0 4.0 0.0 7.0 170.5 11.1 6.2 46.2 7.3
3.0 2.0 4.0 0.0 7.0 159.6 10.0 5.9 65.9 7.4
3.0 1.0 1.0 0.0 6.0 158.0 26.5 36.6 0.0 5.6
2.0 2.0 4.0 18.9 4.0 122.4 12.8 7.5 90.9 6.6
3.0 1.0 1.0 0.0 6.0 132.5 25.7 30.0 0.0 5.6
2.0 3.0 4.0 3.4 4.0 59.9 11.2 13.1 126.3 2.7
3.0 1.0 1.0 0.0 6.0 139.1 24.2 28.9 0.0 6.0
3.0 1.0 1.0 0.0 5.0 200.0 25.7 51.6 0.0 5.0
3.0 2.0 1.0 0.0 5.0 203.5 24.2 46.9 128.4 7.0
3.0 2.0 4.0 0.0 7.0 149.0 8.1 5.0 72.3 7.3
2.0 3.0 4.0 18.9 4.0 62.2 11.3 14.7 131.4 4.4
1.0 2.0 4.0 29.3 2.0 146.0 11.3 15.8 113.1 8.2
1.0 1.0 2.0 93.2 1.0 644.1 33.0 48.3 153.9 59.8
1.0 1.0 2.0 21.7 1.0 692.5 34.7 33.6 135.8 21.3
3.0 2.0 1.0 0.0 5.0 236.5 27.9 43.4 147.3 8.4
3.0 1.0 1.0 0.0 5.0 234.0 26.5 52.5 0.0 5.9
2.0 2.0 4.0 19.6 4.0 152.0 10.4 10.2 129.0 8.0
1.0 2.0 4.0 75.3 1.0 180.2 20.3 10.0 80.3 32.6
2.0 3.0 5.0 14.2 4.0 125.1 19.8 9.2 206.0 5.6
1.0 1.0 2.0 61.6 1.0 701.2 32.4 57.6 155.9 36.1
2.0 2.0 5.0 15.8 4.0 91.5 19.4 18.0 158.0 3.7
2.0 2.0 5.0 12.3 4.0 81.8 14.6 15.7 178.2 3.7
2.0 3.0 5.0 5.2 4.0 125.2 18.0 17.1 149.6 3.2
3.0 1.0 1.0 0.0 6.0 168.8 23.8 34.4 0.0 6.3
2.0 2.0 4.0 14.6 4.0 142.8 13.3 13.5 106.0 6.1
3.0 2.0 6.0 0.0 5.0 205.0 28.0 33.2 141.5 3.4
2.0 3.0 5.0 19.8 4.0 142.9 19.4 14.5 191.6 6.3
2.0 2.0 5.0 2.4 4.0 89.6 13.6 11.0 184.4 3.8
3.0 2.0 6.0 0.0 5.0 190.0 24.5 23.0 83.5 3.4
2.0 2.0 4.0 5.5 4.0 157.3 13.5 10.8 104.1 5.8
1.0 2.0 4.0 65.7 1.0 176.8 17.0 8.0 82.2 26.1
2.0 2.0 4.0 7.6 4.0 108.3 13.6 7.0 122.1 5.2
3.0 1.0 1.0 0.0 5.0 190.9 23.9 39.1 0.0 6.1
3.0 1.0 1.0 0.0 5.0 217.5 23.2 35.1 0.0 7.3
2.0 3.0 4.0 3.2 4.0 54.2 10.5 14.9 148.8 2.7
2.0 3.0 4.0 7.4 4.0 62.5 11.5 8.9 162.7 3.9
1.0 2.0 4.0 33.5 2.0 201.0 9.5 15.0 86.0 10.9
3.0 2.0 1.0 0.0 5.0 196.1 26.9 45.2 144.8 7.0
1.0 1.0 3.0 2.4 2.0 126.3 21.2 12.0 145.7 5.1
3.0 2.0 1.0 0.0 5.0 199.9 24.8 42.1 79.8 6.7
3.0 1.0 1.0 0.0 6.0 175.6 23.6 32.8 0.0 6.7
2.0 3.0 5.0 6.6 4.0 132.7 21.2 13.7 184.5 4.2
1.0 2.0 4.0 56.4 1.0 154.9 19.2 12.4 76.8 19.2
2.0 2.0 5.0 10.6 4.0 70.3 14.4 14.3 111.3 2.4
2.0 3.0 5.0 11.1 4.0 134.4 19.7 17.4 193.9 4.4
2.0 2.0 5.0 18.7 4.0 86.4 16.8 17.7 118.7 3.7
3.0 2.0 4.0 0.0 7.0 116.9 11.8 7.4 66.8 5.9
2.0 2.0 5.0 17.0 4.0 83.6 16.5 16.1 125.3 3.6
2.0 2.0 4.0 17.5 4.0 161.8 12.1 14.0 108.5 7.1
3.0 2.0 4.0 0.0 7.0 155.8 12.7 7.9 58.9 6.8
1.0 2.0 1.0 6.2 3.0 121.9 24.6 11.6 81.8 6.1
1.0 1.0 2.0 91.8 1.0 638.5 30.1 52.2 224.8 59.1
3.0 2.0 1.0 0.0 5.0 206.5 26.1 37.3 80.7 7.3
1.0 2.0 4.0 37.7 2.0 177.2 12.9 9.3 98.1 12.3
1.0 1.0 3.0 42.8 3.0 132.0 21.7 10.3 142.7 14.8
2.0 2.0 4.0 14.5 4.0 134.0 10.4 13.1 143.8 6.5
2.0 2.0 4.0 16.0 4.0 114.5 12.5 8.1 106.7 6.1
3.0 2.0 4.0 0.0 7.0 151.9 12.1 6.1 57.3 6.9
3.0 1.0 1.0 0.0 5.0 227.8 19.6 45.7 0.0 6.7
2.0 2.0 5.0 14.7 4.0 77.2 19.3 16.9 114.3 2.7
2.0 3.0 5.0 14.5 4.0 146.1 19.2 8.8 197.6 6.2
3.0 2.0 4.0 0.0 7.0 114.7 12.4 3.6 83.6 6.4
3.0 1.0 1.0 0.0 5.0 201.1 24.0 52.2 0.0 5.1
2.0 2.0 5.0 1.1 4.0 75.6 19.4 11.4 100.7 1.9
3.0 2.0 4.0 0.0 7.0 168.8 12.7 8.0 66.4 7.3
3.0 2.0 4.0 0.0 7.0 121.3 13.5 7.1 62.8 6.0
2.0 2.0 4.0 2.6 4.0 117.3 12.9 13.4 100.4 4.3
1.0 2.0 1.0 46.8 1.0 163.6 29.6 27.7 144.1 16.3
2.0 3.0 4.0 1.6 4.0 67.6 9.9 12.7 242.8 4.5
3.0 1.0 1.0 0.0 6.0 173.5 27.1 26.2 0.0 7.1
1.0 1.0 2.0 42.8 1.0 682.8 32.6 41.8 104.0 26.7
3.0 2.0 1.0 0.0 5.0 238.6 28.3 41.2 140.6 8.5
2.0 3.0 4.0 14.7 4.0 64.2 12.7 9.9 214.0 5.3
2.0 3.0 4.0 6.1 4.0 57.5 12.9 14.6 223.8 3.8
2.0 3.0 4.0 13.8 4.0 65.3 10.1 12.8 139.9 4.0
2.0 2.0 4.0 10.1 4.0 133.8 10.4 14.3 76.4 4.9
3.0 2.0 1.0 0.0 5.0 199.3 24.4 40.6 134.0 7.6
1.0 2.0 4.0 86.0 1.0 151.1 20.1 10.5 66.1 40.2
3.0 1.0 1.0 0.0 5.0 235.7 23.6 35.0 0.0 7.8
1.0 2.0 4.0 82.7 1.0 158.1 17.8 9.0 71.9 37.9
3.0 2.0 6.0 0.0 5.0 193.2 28.6 26.7 81.3 2.9
1.0 2.0 4.0 78.2 1.0 169.0 18.0 9.4 80.8 34.7
3.0 2.0 1.0 0.0 5.0 227.4 27.4 32.5 95.3 8.5
2.0 3.0 5.0 8.1 4.0 134.5 23.0 16.8 144.3 3.4
3.0 1.0 1.0 0.0 5.0 211.1 27.0 45.2 0.0 5.9
1.0 2.0 4.0 10.1 3.0 106.6 10.8 1.8 93.5 4.8
2.0 3.0 4.0 15.3 4.0 53.9 9.4 5.1 176.1 5.2
1.0 2.0 1.0 18.7 3.0 96.3 23.3 5.3 149.7 8.5
3.0 2.0 6.0 0.0 5.0 191.9 27.7 27.4 93.6 3.0
1.0 2.0 4.0 69.4 1.0 173.5 15.2 13.5 75.1 28.0
1.0 2.0 1.0 37.5 1.0 170.6 30.7 17.6 131.9 13.4
1.0 1.0 2.0 55.5 1.0 698.9 33.1 52.9 243.1 34.1
1.0 2.0 4.0 12.3 3.0 104.5 10.8 1.6 129.4 5.5
1.0 2.0 4.0 77.7 1.0 166.2 20.4 6.6 82.6 34.4
1.0 2.0 1.0 9.9 2.0 166.6 22.7 21.5 142.2 7.2
1.0 2.0 1.0 20.5 1.0 196.4 28.5 24.7 75.7 7.9
3.0 1.0 1.0 0.0 5.0 204.8 23.0 44.8 0.0 6.0
2.0 2.0 4.0 4.2 4.0 168.6 9.4 14.2 149.5 6.5
2.0 3.0 4.0 3.8 4.0 56.6 14.1 13.6 195.7 3.4
2.0 3.0 4.0 11.5 4.0 63.6 14.2 14.9 181.4 3.8
1.0 2.0 4.0 81.6 1.0 168.3 19.1 7.2 48.0 37.1
2.0 2.0 4.0 15.5 4.0 162.8 9.5 5.5 95.0 7.6
3.0 2.0 4.0 0.0 7.0 139.4 13.4 6.0 54.6 6.5
1.0 2.0 4.0 64.6 1.0 158.8 17.5 11.0 58.3 24.2
3.0 1.0 1.0 0.0 5.0 182.9 20.9 36.9 0.0 6.3
2.0 3.0 5.0 15.2 4.0 128.9 15.7 12.4 188.9 5.5
1.0 2.0 4.0 90.5 1.0 159.4 17.8 12.8 45.0 44.0
1.0 2.0 1.0 5.8 2.0 159.9 21.6 24.4 120.1 6.2
2.0 3.0 5.0 15.8 4.0 151.1 15.8 9.1 143.3 5.9
3.0 1.0 1.0 0.0 5.0 183.7 20.8 36.2 0.0 6.4
3.0 1.0 1.0 0.0 5.0 187.6 22.5 40.3 0.0 6.0
2.0 2.0 5.0 9.5 4.0 98.4 18.5 17.6 151.7 3.1
3.0 1.0 1.0 0.0 5.0 202.8 26.0 36.3 0.0 6.6
3.0 1.0 1.0 0.0 5.0 218.3 22.7 47.8 0.0 6.1
1.0 2.0 1.0 47.8 1.0 161.7 30.9 25.2 131.6 16.8
1.0 1.0 1.0 97.0 1.0 216.0 35.2 14.9 104.6 54.8
3.0 1.0 1.0 0.0 5.0 198.9 19.2 42.9 0.0 6.2
2.0 3.0 4.0 3.0 4.0 65.0 11.2 10.4 170.9 3.7
2.0 2.0 4.0 15.0 4.0 164.5 9.3 8.3 147.5 8.0
1.0 1.0 2.0 40.9 1.0 723.5 34.2 42.3 114.9 27.1
1.0 1.0 1.0 58.5 1.0 250.4 33.2 17.6 154.8 26.3
3.0 2.0 1.0 0.0 5.0 203.8 27.4 42.0 143.2 7.5
3.0 2.0 1.0 0.0 5.0 228.9 25.3 31.9 116.0 9.0
2.0 2.0 5.0 2.0 4.0 89.2 18.1 13.4 191.2 3.4
2.0 3.0 5.0 16.1 4.0 132.4 22.8 14.9 188.3 5.1
3.0 1.0 1.0 0.0 5.0 205.0 21.5 44.7 0.0 6.1
1.0 1.0 3.0 23.3 3.0 127.4 21.7 9.9 150.7 8.4
2.0 3.0 4.0 9.8 4.0 60.9 14.8 11.1 199.7 4.2
3.0 1.0 1.0 0.0 5.0 214.9 24.6 32.2 0.0 7.5
2.0 2.0 5.0 1.7 4.0 102.8 18.0 14.9 127.9 2.8
3.0 1.0 1.0 0.0 5.0 234.5 18.6 33.7 0.0 8.2
1.0 1.0 2.0 87.2 1.0 634.4 33.9 45.6 138.2 54.2
3.0 1.0 1.0 0.0 5.0 180.4 22.5 33.3 0.0 6.5
2.0 2.0 4.0 1.5 4.0 108.7 9.5 4.0 95.0 5.0
2.0 2.0 4.0 2.3 4.0 137.5 12.5 13.8 124.0 5.1
3.0 1.0 1.0 0.0 5.0 239.9 20.4 36.5 0.0 8.0
1.0 1.0 2.0 1.9 1.0 647.6 34.0 33.6 72.1 16.9
1.0 1.0 2.0 37.3 1.0 663.3 33.6 40.5 121.9 24.2
1.0 2.0 1.0 33.7 1.0 196.0 27.7 22.6 83.9 11.8
1.0 1.0 1.0 42.2 1.0 236.5 26.2 24.9 153.5 17.3
3.0 1.0 1.0 0.0 5.0 206.0 22.3 50.1 0.0 5.5
2.0 2.0 5.0 2.9 4.0 82.8 16.5 8.4 132.3 3.0
1.0 2.0 1.0 35.2 1.0 161.7 28.7 19.4 117.5 12.0
2.0 2.0 4.0 19.5 4.0 113.5 9.3 5.5 143.1 7.6
2.0 2.0 4.0 2.0 4.0 133.6 10.5 4.8 106.1 5.8
1.0 1.0 2.0 72.7 1.0 721.0 31.6 48.8 202.2 45.7
1.0 2.0 4.0 67.8 1.0 162.0 15.3 10.2 50.2 26.5
2.0 3.0 5.0 8.1 4.0 132.7 22.9 11.3 131.0 3.7
1.0 2.0 4.0 10.1 2.0 90.7 10.4 2.4 76.7 3.7
2.0 3.0 4.0 3.2 4.0 53.6 9.5 7.1 239.0 4.7
1.0 2.0 1.0 23.9 1.0 177.3 26.3 22.6 109.3 8.8
3.0 1.0 1.0 0.0 5.0 200.4 23.7 35.2 0.0 6.8
2.0 3.0 4.0 18.4 4.0 50.4 9.9 11.8 175.5 4.9
2.0 2.0 5.0 9.0 4.0 97.2 15.0 8.2 146.6 4.1
1.0 2.0 4.0 16.0 2.0 100.2 10.2 3.7 107.7 5.1
1.0 1.0 2.0 64.7 1.0 642.6 32.5 47.6 203.1 38.0
2.0 3.0 5.0 11.3 4.0 127.5 19.4 12.1 176.4 4.6
2.0 3.0 4.0 8.1 4.0 59.2 12.9 4.9 215.3 4.9
1.0 1.0 3.0 36.2 3.0 134.6 21.3 10.5 128.7 12.1
2.0 2.0 4.0 11.6 4.0 152.5 9.9 4.0 84.8 6.8
1.0 2.0 4.0 41.0 2.0 185.5 9.4 11.2 116.1 14.0
3.0 2.0 6.0 0.0 5.0 217.4 27.3 26.2 76.4 3.6
1.0 2.0 4.0 9.5 2.0 99.0 10.1 3.9 95.5 4.0
2.0 3.0 4.0 15.9 4.0 69.9 12.4 9.4 237.8 6.0
1.0 1.0 1.0 70.8 1.0 215.2 35.8 20.0 107.6 32.3
2.0 2.0 5.0 11.0 4.0 100.4 17.6 15.0 120.4 3.2
2.0 3.0 5.0 7.1 4.0 142.4 20.2 15.8 139.0 3.7
3.0 2.0 4.0 0.0 7.0 152.1 11.3 7.2 48.0 6.7
3.0 1.0 1.0 0.0 6.0 139.9 22.5 26.6 0.0 6.3
2.0 3.0 4.0 14.8 4.0 50.9 11.3 11.0 196.7 4.6
3.0 1.0 1.0 0.0 6.0 133.6 27.1 28.3 0.0 5.7
1.0 1.0 1.0 79.1 1.0 227.8 34.9 15.2 192.5 40.5
2.0 3.0 5.0 7.5 4.0 156.3 21.7 14.0 220.7 5.3
1.0 1.0 1.0 24.6 1.0 207.1 24.5 27.8 121.6 10.0
3.0 2.0 6.0 0.0 5.0 217.7 26.2 37.5 118.8 3.1
3.0 1.0 1.0 0.0 5.0 209.6 23.6 52.3 0.0 5.3
3.0 2.0 4.0 0.0 7.0 122.9 8.0 5.9 58.4 6.3
2.0 2.0 5.0 14.6 4.0 83.8 19.4 13.9 115.7 3.2
3.0 1.0 1.0 0.0 5.0 180.7 27.5 40.7 0.0 5.5
2.0 2.0 4.0 3.7 4.0 144.5 11.0 9.5 122.2 5.9
1.0 1.0 3.0 19.0 2.0 138.7 22.2 21.3 138.7 6.1
1.0 1.0 2.0 67.8 1.0 712.9 32.5 45.5 164.7 41.8
1.0 2.0 4.0 90.2 1.0 148.7 15.4 8.6 81.0 44.4
2.0 3.0 4.0 6.8 4.0 50.3 14.9 9.4 173.4 3.4
2.0 3.0 5.0 18.7 4.0 126.7 21.4 16.1 205.2 5.6
2.0 2.0 4.0 15.8 4.0 172.5 10.9 5.8 130.2 8.3
1.0 2.0 1.0 48.1 1.0 180.1 29.8 35.3 121.1 16.3
1.0 2.0 1.0 8.3 2.0 199.8 22.3 36.6 91.7 5.9
3.0 1.0 1.0 0.0 6.0 169.5 25.7 37.4 0.0 5.9
2.0 3.0 5.0 6.7 4.0 136.9 21.6 16.5 188.2 4.0
1.0 1.0 3.0 14.4 2.0 137.2 22.1 12.0 159.4 6.5
2.0 3.0 5.0 12.1 4.0 159.0 20.5 11.6 154.3 5.3
1.0 1.0 2.0 3.7 1.0 669.7 32.3 38.2 85.0 17.3
2.0 2.0 5.0 15.0 4.0 86.9 14.1 9.1 157.1 4.6
2.0 3.0 4.0 10.5 4.0 61.7 13.3 15.0 142.7 3.2
3.0 2.0 4.0 0.0 7.0 173.5 9.6 3.9 78.5 8.2
1.0 1.0 3.0 44.1 3.0 129.9 21.0 10.6 108.8 14.9
3.0 1.0 1.0 0.0 6.0 178.6 22.0 39.9 0.0 6.1
1.0 1.0 2.0 93.6 1.0 683.8 33.0 46.0 202.0 62.2
1.0 2.0 1.0 36.5 1.0 162.3 31.0 26.8 135.8 11.9
2.0 3.0 4.0 13.0 4.0 59.7 12.7 11.3 143.2 3.8
2.0 3.0 4.0 2.1 4.0 52.9 12.5 9.1 146.5 3.1
1.0 1.0 2.0 32.3 1.0 718.8 33.7 33.4 112.5 24.7
1.0 1.0 1.0 6.6 2.0 226.9 29.0 25.4 225.4 9.5
1.0 1.0 1.0 87.5 1.0 253.1 28.7 14.9 149.8 48.0
2.0 3.0 5.0 3.7 4.0 137.0 22.9 12.8 245.8 5.0
3.0 2.0 6.0 0.0 5.0 213.6 26.8 26.7 148.8 4.4
3.0 1.0 1.0 0.0 6.0 177.8 22.6 31.4 0.0 6.9
1.0 2.0 1.0 36.5 1.0 168.5 29.2 38.9 76.3 10.2
3.0 2.0 1.0 0.0 5.0 233.0 28.2 34.2 79.9 8.3
1.0 1.0 1.0 48.7 1.0 235.5 26.3 18.7 195.2 21.4
3.0 2.0 4.0 0.0 7.0 172.5 8.1 5.8 85.0 8.1
3.0 1.0 1.0 0.0 6.0 130.6 24.3 30.8 0.0 5.5
2.0 3.0 4.0 10.7 4.0 55.9 9.9 6.8 183.3 4.6
3.0 2.0 4.0 0.0 7.0 167.5 7.9 5.2 73.3 7.9
3.0 1.0 1.0 0.0 6.0 133.1 27.2 35.5 0.0 5.0
2.0 3.0 5.0 17.4 4.0 128.0 17.0 12.2 131.0 5.0
1.0 1.0 2.0 46.9 1.0 797.5 34.6 39.9 101.3 31.8
1.0 2.0 4.0 37.0 2.0 158.8 11.0 13.0 81.1 11.0
3.0 1.0 1.0 0.0 6.0 171.2 22.4 32.4 0.0 6.6
1.0 2.0 4.0 42.2 2.0 223.4 13.3 18.6 144.8 15.1
2.0 3.0 5.0 9.4 4.0 138.3 15.5 11.2 131.1 4.4
1.0 1.0 1.0 36.5 1.0 230.7 27.5 26.8 164.1 14.8
2.0 2.0 4.0 8.3 4.0 115.4 9.7 6.9 84.3 5.1
2.0 3.0 5.0 7.7 4.0 128.3 17.2 17.2 226.2 4.5
2.0 3.0 4.0 4.7 4.0 61.4 10.4 9.9 174.0 3.8
3.0 2.0 1.0 0.0 5.0 217.9 27.0 34.7 137.2 8.6
1.0 1.0 1.0 37.5 1.0 236.7 25.9 17.2 119.3 15.8
3.0 1.0 1.0 0.0 5.0 238.8 22.5 45.3 0.0 6.9
2.0 3.0 4.0 16.5 4.0 59.6 12.1 11.2 140.6 4.3
2.0 2.0 5.0 15.2 4.0 81.1 19.3 11.8 172.1 4.2
2.0 3.0 4.0 17.8 4.0 69.7 9.2 9.2 222.1 6.3
1.0 2.0 4.0 48.3 2.0 224.6 13.5 16.9 78.1 17.1
3.0 1.0 1.0 0.0 6.0 164.6 23.1 39.5 0.0 5.7
1.0 2.0 4.0 6.8 2.0 97.1 10.5 3.0 107.6 4.0
3.0 1.0 1.0 0.0 6.0 159.1 21.5 31.0 0.0 6.5
3.0 1.0 1.0 0.0 5.0 198.3 27.8 50.1 0.0 5.0
1.0 1.0 2.0 25.7 1.0 724.7 32.9 33.8 112.6 22.9
1.0 1.0 3.0 9.1 2.0 136.6 21.1 12.4 87.0 4.9
3.0 1.0 1.0 0.0 5.0 186.9 21.9 43.3 0.0 5.7
1.0 2.0 1.0 32.0 1.0 182.1 29.8 18.2 128.8 11.8
2.0 3.0 5.0 13.1 4.0 134.1 18.3 9.0 237.3 6.2
3.0 2.0 4.0 0.0 7.0 126.3 8.6 5.9 75.8 6.6
2.0 3.0 4.0 18.9 4.0 57.8 10.3 14.0 237.2 5.8
1.0 2.0 1.0 49.0 1.0 186.8 28.3 30.1 126.7 17.6
1.0 2.0 4.0 3.2 2.0 98.8 10.8 3.5 84.0 3.5
1.0 2.0 4.0 49.6 2.0 218.3 13.7 11.2 135.4 18.9
3.0 1.0 1.0 0.0 5.0 232.4 19.5 37.4 0.0 7.7
2.0 2.0 4.0 9.3 4.0 170.1 10.4 14.1 105.0 6.3
2.0 3.0 4.0 14.2 4.0 52.3 10.2 10.4 137.2 3.9
1.0 1.0 1.0 34.6 1.0 213.5 26.5 11.8 175.4 15.4
3.0 2.0 1.0 0.0 5.0 194.8 26.9 28.5 136.5 8.6
1.0 1.0 2.0 49.2 1.0 784.3 34.2 37.3 81.0 32.6
1.0 1.0 1.0 53.1 1.0 205.3 31.0 21.2 116.8 21.3
3.0 1.0 1.0 0.0 5.0 203.8 19.2 50.3 0.0 5.6
1.0 1.0 1.0 27.6 1.0 239.5 24.6 22.7 120.5 12.2
1.0 1.0 3.0 32.8 3.0 127.8 21.1 9.5 126.5 10.8
3.0 1.0 1.0 0.0 5.0 230.0 26.7 50.5 0.0 6.0
1.0 2.0 1.0 11.2 1.0 153.9 25.8 18.9 135.0 6.7
3.0 2.0 4.0 0.0 7.0 141.8 13.5 6.2 61.2 6.6
3.0 1.0 1.0 0.0 6.0 178.9 23.8 25.8 0.0 7.4
3.0 2.0 4.0 0.0 7.0 117.2 13.2 3.8 65.6 6.2
2.0 2.0 5.0 7.8 4.0 101.2 16.0 14.0 145.3 3.5
3.0 1.0 1.0 0.0 5.0 214.1 27.8 41.8 0.0 6.3
3.0 1.0 1.0 0.0 6.0 167.0 24.2 25.8 0.0 7.1
1.0 2.0 4.0 42.1 2.0 146.1 9.1 7.8 109.5 13.6
2.0 3.0 4.0 19.6 4.0 63.6 13.5 14.5 217.6 5.6
3.0 2.0 4.0 0.0 7.0 132.3 7.8 7.5 57.3 6.4
2.0 3.0 5.0 3.0 4.0 137.9 16.4 13.1 235.3 5.1
3.0 1.0 1.0 0.0 5.0 219.5 22.0 34.6 0.0 7.5
3.0 2.0 1.0 0.0 5.0 234.7 24.0 39.5 90.5 8.1
3.0 2.0 4.0 0.0 7.0 159.2 9.1 6.4 49.3 7.1
2.0 2.0 5.0 6.0 4.0 83.9 17.9 9.7 129.6 3.0
3.0 1.0 1.0 0.0 5.0 204.5 26.0 49.1 0.0 5.4
2.0 2.0 5.0 6.1 4.0 90.4 15.1 15.8 123.8 2.6
3.0 2.0 4.0 0.0 7.0 118.2 8.2 7.4 71.2 6.2
3.0 1.0 1.0 0.0 5.0 198.6 27.4 45.6 0.0 5.5
3.0 2.0 1.0 0.0 5.0 215.7 28.4 45.3 103.4 7.0
3.0 2.0 6.0 0.0 5.0 209.6 27.3 32.1 96.9 3.1
1.0 2.0 1.0 24.2 1.0 185.6 28.1 38.9 137.6 7.8
1.0 2.0 1.0 12.2 1.0 183.6 29.2 31.8 119.2 6.0
1.0 2.0 1.0 14.8 3.0 110.2 21.6 4.5 107.9 7.9
1.0 2.0 1.0 12.9 2.0 141.9 23.4 25.3 99.4 5.9
1.0 1.0 2.0 54.9 1.0 733.7 30.0 53.6 149.6 33.6
2.0 3.0 4.0 7.5 4.0 53.6 9.5 13.3 178.4 3.5
3.0 2.0 1.0 0.0 5.0 211.9 27.1 36.1 83.3 7.6
2.0 3.0 5.0 19.0 4.0 141.7 21.8 16.9 138.4 5.1
2.0 3.0 4.0 14.7 4.0 54.1 13.5 8.8 132.6 4.0
2.0 2.0 4.0 4.0 4.0 172.6 11.3 8.7 84.5 6.2
2.0 3.0 4.0 3.3 4.0 68.9 14.2 6.4 185.7 4.3
3.0 1.0 1.0 0.0 6.0 178.8 24.6 36.2 0.0 6.4
1.0 2.0 1.0 43.5 1.0 188.2 30.6 33.4 133.8 14.8
2.0 3.0 5.0 2.4 4.0 132.1 20.8 16.9 236.3 4.4
3.0 2.0 6.0 0.0 5.0 200.9 27.9 34.6 113.9 2.8
3.0 1.0 1.0 0.0 5.0 185.8 25.2 45.4 0.0 5.3
2.0 3.0 4.0 6.4 4.0 64.2 9.2 11.1 167.2 3.8
2.0 3.0 4.0 19.1 4.0 67.6 12.0 6.7 205.2 6.4
2.0 2.0 4.0 6.4 4.0 133.0 12.0 9.7 104.3 5.4
3.0 2.0 6.0 0.0 5.0 198.7 24.9 32.8 141.6 3.4
1.0 2.0 1.0 1.7 1.0 193.8 25.1 35.5 86.4 4.9
3.0 2.0 4.0 0.0 7.0 140.3 7.1 4.6 45.5 6.8
3.0 2.0 4.0 0.0 7.0 157.0 10.4 6.6 55.1 7.1
2.0 3.0 5.0 15.6 4.0 158.3 23.4 11.3 230.6 6.6
3.0 1.0 1.0 0.0 6.0 171.8 23.8 39.5 0.0 5.9
3.0 2.0 1.0 0.0 5.0 223.7 27.7 29.6 126.0 9.1
2.0 3.0 5.0 6.6 4.0 135.5 21.5 9.7 238.1 5.4
2.0 2.0 4.0 1.7 4.0 139.8 11.7 8.3 148.8 6.1
3.0 1.0 1.0 0.0 6.0 151.6 27.9 39.4 0.0 5.1
2.0 2.0 4.0 17.2 4.0 112.2 13.2 7.6 98.9 6.1
2.0 3.0 5.0 19.5 4.0 143.8 22.6 11.1 185.1 6.4
3.0 2.0 1.0 0.0 5.0 231.0 26.7 31.7 133.5 9.2
3.0 2.0 1.0 0.0 5.0 219.2 25.5 32.9 113.3 8.6
1.0 1.0 3.0 46.2 3.0 133.8 21.9 9.5 131.9 16.3
3.0 2.0 6.0 0.0 5.0 200.0 25.5 34.6 87.6 2.5
1.0 1.0 3.0 33.5 3.0 122.2 21.2 8.3 107.5 10.7
2.0 2.0 5.0 16.2 4.0 75.4 18.6 13.5 191.3 4.3
3.0 1.0 1.0 0.0 5.0 221.9 20.9 36.2 0.0 7.4
1.0 1.0 2.0 17.1 1.0 670.6 32.6 40.4 91.4 18.6
2.0 3.0 4.0 11.8 4.0 67.7 14.8 12.0 180.4 4.2
1.0 1.0 1.0 86.1 1.0 216.4 28.8 18.8 147.9 45.3
2.0 3.0 4.0 3.7 4.0 57.2 10.1 10.2 158.0 3.4
2.0 2.0 4.0 14.2 4.0 122.7 10.1 3.1 136.8 7.1
3.0 1.0 1.0 0.0 6.0 146.0 23.0 32.7 0.0 5.9
3.0 2.0 1.0 0.0 5.0 205.3 26.9 42.1 106.2 7.1
2.0 3.0 4.0 2.9 4.0 51.8 14.8 6.5 128.8 3.0
3.0 1.0 1.0 0.0 6.0 164.0 21.2 28.5 0.0 6.9
1.0 2.0 4.0 85.2 1.0 145.6 19.1 12.2 65.6 39.2
3.0 1.0 1.0 0.0 5.0 222.6 23.2 38.8 0.0 7.1
3.0 2.0 1.0 0.0 5.0 230.0 27.3 28.4 130.5 9.5
1.0 1.0 3.0 24.0 3.0 116.0 21.8 10.6 83.6 7.3
1.0 1.0 1.0 80.2 1.0 197.2 30.7 22.6 103.0 38.8
1.0 1.0 1.0 34.8 1.0 230.7 26.5 19.0 148.2 14.8
2.0 3.0 5.0 3.3 4.0 149.3 19.6 15.8 239.8 5.1
2.0 2.0 4.0 13.8 4.0 165.7 11.8 8.4 92.5 7.0
2.0 2.0 5.0 6.8 4.0 87.2 16.6 12.6 148.6 3.1
2.0 3.0 4.0 8.8 4.0 63.1 12.8 8.7 146.5 3.8
1.0 1.0 1.0 55.6 1.0 241.8 29.7 21.3 149.9 24.2
2.0 3.0 4.0 9.7 4.0 55.1 12.8 5.1 141.7 3.9
1.0 1.0 2.0 70.1 1.0 632.0 35.3 44.4 241.4 42.1
2.0 3.0 5.0 10.6 4.0 155.6 19.8 11.6 177.2 5.4
2.0 3.0 5.0 16.9 4.0 150.6 18.3 11.1 207.6 6.6
3.0 1.0 1.0 0.0 6.0 179.0 25.5 26.8 0.0 7.3
2.0 3.0 5.0 14.3 4.0 136.8 17.0 16.1 156.6 4.7
2.0 3.0 4.0 17.9 4.0 61.9 9.2 12.4 207.2 5.6
3.0 1.0 1.0 0.0 6.0 164.8 27.3 28.2 0.0 6.6
2.0 2.0 4.0 9.4 4.0 161.2 14.2 12.4 77.8 5.7
2.0 3.0 4.0 11.8 4.0 67.3 12.6 10.5 205.7 4.8
3.0 1.0 1.0 0.0 5.0 217.4 24.5 44.0 0.0 6.4
2.0 2.0 4.0 17.9 4.0 150.1 11.6 12.5 127.3 7.3
1.0 1.0 2.0 85.2 1.0 710.1 31.8 45.1 225.2 55.9
1.0 1.0 2.0 87.3 1.0 693.2 30.1 45.5 162.8 56.5
2.0 2.0 5.0 7.0 4.0 85.4 15.8 15.0 181.7 3.4
2.0 2.0 5.0 3.7 4.0 89.4 15.5 13.9 123.2 2.6
2.0 2.0 4.0 11.5 4.0 117.0 12.8 13.9 75.5 4.5
1.0 1.0 1.0 64.6 1.0 224.3 35.1 16.2 163.9 29.5
1.0 2.0 1.0 3.1 2.0 158.3 25.7 19.7 149.8 6.7
2.0 2.0 4.0 15.9 4.0 171.6 9.1 5.7 103.9 8.1
2.0 3.0 4.0 1.7 4.0 59.6 13.1 6.7 188.1 4.0
1.0 2.0 1.0 2.5 3.0 110.5 21.3 6.6 113.9 6.7
3.0 2.0 4.0 0.0 7.0 137.1 11.4 5.2 73.0 6.8
3.0 1.0 1.0 0.0 5.0 196.9 21.6 50.4 0.0 5.3
2.0 2.0 5.0 6.1 4.0 76.9 18.3 16.8 187.3 2.8
2.0 2.0 4.0 12.1 4.0 143.0 10.2 8.6 90.1 6.2
1.0 2.0 4.0 42.4 2.0 235.6 14.5 7.4 101.9 16.0
2.0 2.0 4.0 9.5 4.0 161.8 10.8 6.0 111.1 6.9
2.0 3.0 5.0 10.1 4.0 143.7 21.4 14.4 185.8 4.7
2.0 3.0 5.0 2.0 4.0 134.8 18.6 9.1 203.5 4.9
2.0 2.0 4.0 6.3 4.0 121.3 13.7 7.7 106.1 5.2
1.0 2.0 4.0 93.6 1.0 183.9 17.6 12.0 51.7 47.7
3.0 2.0 4.0 0.0 7.0 155.2 12.5 6.0 80.8 7.3
1.0 1.0 3.0 42.6 3.0 121.3 21.4 10.2 77.4 13.6
2.0 2.0 5.0 1.8 4.0 77.0 17.8 13.0 119.4 2.2
3.0 1.0 1.0 0.0 5.0 224.7 23.3 40.6 0.0 7.0
2.0 3.0 5.0 11.2 4.0 132.1 20.9 13.4 220.9 5.1
1.0 2.0 1.0 22.5 1.0 176.2 29.3 30.7 78.3 7.1
3.0 1.0 1.0 0.0 6.0 177.8 26.7 35.0 0.0 6.3
2.0 3.0 4.0 14.9 4.0 53.0 12.9 6.7 211.7 5.3
1.0 2.0 4.0 44.4 2.0 165.2 8.9 10.0 103.4 14.9
3.0 1.0 1.0 0.0 5.0 205.6 20.2 39.4 0.0 6.7
1.0 1.0 1.0 57.3 1.0 230.8 35.7 23.0 121.1 24.0
1.0 1.0 3.0 37.4 3.0 110.2 21.2 8.0 130.5 12.1
3.0 2.0 6.0 0.0 5.0 226.3 28.2 30.9 118.7 3.9
1.0 1.0 2.0 17.5 1.0 627.9 34.0 37.3 114.3 18.0
2.0 3.0 4.0 6.8 4.0 53.0 12.0 6.3 188.2 4.2
3.0 2.0 6.0 0.0 5.0 203.9 24.9 22.6 107.9 4.1
3.0 1.0 1.0 0.0 5.0 194.5 24.6 43.3 0.0 5.8
3.0 1.0 1.0 0.0 5.0 195.2 24.3 50.7 0.0 5.1
2.0 2.0 4.0 2.9 4.0 181.9 9.5 13.8 94.6 6.2
2.0 2.0 5.0 4.3 4.0 103.4 18.3 12.5 117.9 3.0
3.0 1.0 1.0 0.0 6.0 172.1 26.3 32.7 0.0 6.4
1.0 1.0 2.0 5.0 1.0 770.1 34.8 36.3 70.2 20.1
3.0 2.0 4.0 0.0 7.0 155.7 7.6 8.0 88.7 7.5
2.0 2.0 5.0 6.9 4.0 72.5 16.1 13.6 134.9 2.5
1.0 2.0 4.0 85.9 1.0 143.5 15.0 10.9 65.0 40.1
1.0 1.0 3.0 11.7 2.0 125.8 21.3 15.5 154.7 5.5
3.0 2.0 1.0 0.0 5.0 210.7 27.8 33.7 99.7 8.0
1.0 1.0 3.0 11.4 2.0 136.8 22.0 16.8 146.4 5.5
3.0 2.0 1.0 0.0 5.0 203.6 24.7 34.8 134.4 8.3
3.0 1.0 1.0 0.0 5.0 231.5 18.8 49.8 0.0 6.5
2.0 3.0 4.0 14.1 4.0 55.8 12.9 10.4 220.9 5.0
1.0 1.0 3.0 31.3 3.0 129.4 21.3 10.9 91.8 9.8
3.0 1.0 1.0 0.0 6.0 147.5 26.7 40.9 0.0 4.9
1.0 1.0 2.0 8.6 1.0 719.9 33.1 41.6 76.3 18.6
1.0 1.0 3.0 45.9 3.0 111.5 21.7 7.9 105.4 15.4
2.0 2.0 5.0 19.1 4.0 86.0 17.0 12.0 181.8 5.2
3.0 1.0 1.0 0.0 5.0 201.1 27.9 33.0 0.0 6.8
3.0 1.0 1.0 0.0 6.0 162.6 25.6 37.8 0.0 5.7
2.0 2.0 5.0 2.1 4.0 86.2 16.7 15.8 155.7 2.7
2.0 2.0 5.0 14.6 4.0 87.9 17.5 16.0 141.9 3.5
2.0 3.0 5.0 17.7 4.0 152.2 17.5 12.7 246.3 7.2
1.0 2.0 4.0 1.5 2.0 93.6 10.4 3.6 141.0 4.1
2.0 3.0 4.0 12.7 4.0 53.5 10.9 15.3 219.9 4.3
2.0 3.0 4.0 3.9 4.0 64.3 10.9 5.8 150.9 3.9
3.0 1.0 1.0 0.0 5.0 192.5 19.9 32.1 0.0 7.1
3.0 2.0 1.0 0.0 5.0 198.9 28.2 39.7 89.4 6.9
2.0 3.0 5.0 2.7 4.0 151.2 17.1 16.0 140.2 3.9
2.0 2.0 4.0 12.8 4.0 159.0 14.0 5.9 142.0 7.5
3.0 2.0 4.0 0.0 7.0 136.2 13.0 5.5 75.3 6.7
1.0 1.0 3.0 16.5 2.0 126.0 21.1 16.4 139.7 5.9
1.0 1.0 1.0 67.0 1.0 245.7 35.0 14.9 145.5 31.6
3.0 2.0 4.0 0.0 7.0 172.0 12.6 7.6 45.5 7.2
1.0 1.0 1.0 95.0 1.0 210.2 33.1 13.7 117.5 53.1
2.0 2.0 5.0 17.8 4.0 75.0 14.3 8.6 154.6 4.7
1.0 1.0 2.0 48.6 1.0 772.0 32.4 33.4 99.9 32.7
1.0 1.0 3.0 33.1 3.0 116.5 21.4 10.4 136.7 10.6
3.0 2.0 4.0 0.0 7.0 148.5 7.5 7.0 75.9 7.2
3.0 1.0 1.0 0.0 6.0 154.2 23.5 25.9 0.0 6.7
1.0 1.0 2.0 86.1 1.0 713.0 31.0 47.0 204.4 56.3
2.0 3.0 4.0 19.7 4.0 55.1 10.8 6.4 221.4 6.4
3.0 2.0 6.0 0.0 5.0 211.0 27.0 26.2 93.4 3.7
1.0 2.0 1.0 46.1 1.0 154.7 28.9 31.2 149.7 15.5
3.0 1.0 1.0 0.0 6.0 166.7 24.5 36.0 0.0 6.0
1.0 1.0 3.0 36.9 3.0 127.3 21.4 7.3 94.2 12.0
3.0 2.0 1.0 0.0 5.0 196.0 24.9 27.2 138.4 8.8
2.0 2.0 4.0 10.4 4.0 146.7 10.3 11.9 94.0 5.8
2.0 3.0 4.0 11.5 4.0 51.8 14.5 5.7 161.9 4.1
1.0 2.0 1.0 27.7 1.0 184.0 30.4 18.9 146.1 10.7
2.0 2.0 5.0 8.9 4.0 80.9 15.5 8.8 140.2 3.5
1.0 1.0 3.0 44.7 3.0 131.5 21.4 7.6 91.5 15.2
2.0 2.0 4.0 7.0 4.0 167.0 10.7 10.2 75.6 6.0
1.0 1.0 3.0 11.2 2.0 122.1 21.4 11.1 114.1 5.2
3.0 1.0 1.0 0.0 5.0 190.6 18.8 41.5 0.0 6.1
3.0 1.0 1.0 0.0 6.0 133.3 20.8 26.0 0.0 6.3
1.0 2.0 4.0 15.1 2.0 94.3 10.2 3.3 92.8 4.6
2.0 3.0 5.0 2.9 4.0 143.2 20.7 12.1 233.3 5.1
3.0 1.0 1.0 0.0 5.0 215.1 27.0 34.1 0.0 7.2
3.0 1.0 1.0 0.0 5.0 187.7 25.2 50.0 0.0 4.9
3.0 2.0 1.0 0.0 5.0 212.5 28.2 37.9 82.6 7.3
1.0 1.0 2.0 93.3 1.0 706.0 31.4 51.9 190.5 61.9
2.0 2.0 5.0 15.4 4.0 81.4 17.1 9.5 192.4 4.8
3.0 1.0 1.0 0.0 5.0 180.7 19.5 38.8 0.0 6.1
2.0 3.0 5.0 14.9 4.0 150.4 22.9 10.6 179.7 5.7
3.0 2.0 1.0 0.0 5.0 222.2 27.1 30.8 112.1 8.8
2.0 3.0 5.0 6.9 4.0 129.5 21.8 17.4 191.8 3.8
2.0 2.0 5.0 15.4 4.0 71.0 14.1 8.0 152.6 4.3
1.0 1.0 2.0 90.5 1.0 644.0 35.3 47.0 126.5 57.0
3.0 1.0 1.0 0.0 5.0 235.4 28.0 45.8 0.0 6.5
2.0 3.0 5.0 15.3 4.0 136.3 17.4 14.3 126.6 4.6
1.0 1.0 3.0 17.9 2.0 136.1 21.6 17.8 152.1 6.4
2.0 3.0 4.0 6.5 4.0 60.6 13.0 6.5 243.7 5.0
1.0 1.0 2.0 73.0 1.0 730.9 32.6 56.6 181.6 45.1
2.0 3.0 5.0 11.9 4.0 153.6 21.5 8.6 186.0 5.8
1.0 2.0 4.0 62.3 1.0 152.6 17.9 6.5 49.9 22.9
3.0 1.0 1.0 0.0 6.0 165.4 24.9 37.6 0.0 5.8
3.0 1.0 1.0 0.0 6.0 170.8 21.5 35.1 0.0 6.4
2.0 2.0 5.0 7.0 4.0 82.8 16.7 15.5 173.2 3.1
1.0 2.0 4.0 33.6 2.0 155.2 11.3 11.4 137.5 10.6
1.0 1.0 3.0 41.1 3.0 115.8 21.5 9.9 83.3 12.9
2.0 2.0 4.0 1.2 4.0 131.1 13.6 5.0 87.0 5.3
1.0 1.0 3.0 27.7 3.0 131.3 21.3 9.7 81.2 8.7
3.0 2.0 6.0 0.0 5.0 194.5 24.2 27.8 84.5 3.1
1.0 1.0 1.0 72.3 1.0 229.7 29.2 24.3 139.1 34.1
2.0 2.0 5.0 1.2 4.0 103.7 15.5 13.5 123.2 3.0
2.0 2.0 5.0 9.5 4.0 94.3 16.3 8.2 164.6 4.2
1.0 2.0 1.0 35.3 1.0 196.5 25.9 39.7 76.1 10.6
1.0 2.0 1.0 8.1 1.0 180.6 27.8 33.2 146.7 5.8
2.0 2.0 5.0 10.3 4.0 74.2 13.9 11.6 179.8 3.7
3.0 2.0 4.0 0.0 7.0 170.2 8.3 7.7 60.4 7.5
2.0 3.0 5.0 4.0 4.0 128.2 22.8 9.5 165.2 4.0
3.0 2.0 4.0 0.0 7.0 136.6 10.6 7.1 48.8 6.3
2.0 3.0 4.0 16.4 4.0 58.0 13.6 6.5 227.1 5.8
2.0 3.0 4.0 1.0 4.0 52.2 11.7 11.5 235.2 4.0
3.0 2.0 4.0 0.0 7.0 111.4 8.8 4.4 48.2 6.0
2.0 3.0 5.0 17.4 4.0 151.4 21.0 11.4 235.1 6.9
1.0 2.0 4.0 60.2 1.0 141.8 20.2 6.6 47.7 21.2
1.0 1.0 3.0 37.0 3.0 111.3 21.1 10.5 108.8 11.5
1.0 2.0 1.0 35.4 1.0 196.3 28.4 36.8 118.5 11.4
1.0 2.0 1.0 39.1 1.0 174.8 28.7 36.9 93.0 11.8
3.0 2.0 4.0 0.0 7.0 143.3 10.5 4.6 76.6 7.2
3.0 2.0 4.0 0.0 7.0 151.1 9.5 4.8 76.4 7.4
1.0 1.0 1.0 66.3 1.0 233.1 35.0 21.0 126.7 29.9
3.0 1.0 1.0 0.0 6.0 148.9 23.9 35.2 0.0 5.6
3.0 2.0 4.0 0.0 7.0 136.5 11.1 4.3 67.8 6.9
2.0 3.0 4.0 5.3 4.0 50.4 12.4 11.0 131.7 2.7
2.0 3.0 4.0 17.9 4.0 51.6 10.5 12.6 185.4 4.9
2.0 2.0 5.0 10.0 4.0 90.8 18.0 15.3 177.6 3.6
1.0 1.0 2.0 81.9 1.0 660.7 31.9 53.6 167.5 50.1
1.0 2.0 4.0 90.4 1.0 145.2 19.3 12.2 72.2 43.8
3.0 2.0 6.0 0.0 5.0 233.8 26.1 20.1 144.3 5.7
1.0 1.0 2.0 47.8 1.0 795.9 34.4 42.4 136.3 32.5
2.0 2.0 4.0 17.1 4.0 117.7 11.5 9.8 116.5 6.4
2.0 2.0 5.0 14.9 4.0 76.9 18.5 13.9 177.7 3.9
2.0 3.0 5.0 9.4 4.0 158.0 17.3 16.4 221.0 5.5
2.0 3.0 5.0 17.1 4.0 136.7 22.9 15.0 172.0 5.1
3.0 2.0 6.0 0.0 5.0 210.6 24.5 37.6 90.5 2.6
3.0 1.0 1.0 0.0 6.0 139.4 27.7 37.5 0.0 4.9
3.0 1.0 1.0 0.0 5.0 227.3 27.1 45.3 0.0 6.4
1.0 1.0 2.0 15.2 1.0 663.1 33.1 34.5 102.4 18.8
1.0 2.0 1.0 24.4 1.0 166.8 28.3 33.1 139.2 7.9
2.0 3.0 4.0 13.7 4.0 69.6 11.3 13.4 211.9 5.0
2.0 2.0 4.0 10.7 4.0 167.9 13.0 11.2 120.6 6.7
2.0 3.0 5.0 8.5 4.0 143.5 22.4 13.6 158.5 4.2
1.0 1.0 3.0 40.6 3.0 114.1 21.1 10.3 90.9 12.7
3.0 1.0 1.0 0.0 5.0 231.2 18.1 41.5 0.0 7.3
1.0 1.0 2.0 80.6 1.0 726.3 32.4 45.0 174.7 51.9
3.0 1.0 1.0 0.0 5.0 230.4 26.3 40.6 0.0 7.0
3.0 1.0 1.0 0.0 5.0 218.9 18.2 36.3 0.0 7.5
3.0 1.0 1.0 0.0 6.0 135.7 25.8 37.5 0.0 4.9
3.0 2.0 6.0 0.0 5.0 227.0 26.0 33.7 104.7 3.6
3.0 2.0 1.0 0.0 5.0 198.2 27.3 37.1 91.3 7.2
2.0 3.0 4.0 17.2 4.0 60.3 10.7 10.8 225.5 5.7
2.0 2.0 4.0 18.8 4.0 147.9 14.2 10.7 123.9 7.4
2.0 3.0 4.0 5.6 4.0 51.9 10.2 13.1 185.2 3.4
3.0 1.0 1.0 0.0 6.0 138.5 24.9 33.7 0.0 5.4
2.0 3.0 4.0 2.3 4.0 64.2 10.4 14.3 150.1 3.0
3.0 1.0 1.0 0.0 5.0 184.9 22.9 47.1 0.0 5.2
3.0 2.0 6.0 0.0 5.0 233.8 26.4 25.9 112.8 4.6
1.0 2.0 1.0 39.4 1.0 152.6 30.8 19.1 108.0 13.1
1.0 1.0 1.0 75.1 1.0 199.1 33.0 12.7 148.6 36.4
3.0 1.0 1.0 0.0 5.0 226.8 27.6 37.0 0.0 7.2
1.0 2.0 1.0 10.0 1.0 184.0 27.4 38.2 136.2 5.4
2.0 3.0 4.0 7.2 4.0 57.0 14.8 12.7 233.4 4.1
3.0 1.0 1.0 0.0 5.0 184.9 22.1 50.3 0.0 4.9
2.0 2.0 4.0 12.8 4.0 178.0 11.6 12.8 96.8 6.9
2.0 3.0 4.0 12.3 4.0 61.4 11.8 8.2 234.9 5.4
1.0 2.0 1.0 2.7 2.0 172.6 23.9 36.2 94.9 4.8
1.0 1.0 3.0 41.1 3.0 114.9 21.6 7.4 108.9 13.5
3.0 2.0 1.0 0.0 5.0 199.4 24.4 43.9 102.5 6.8
3.0 2.0 4.0 0.0 7.0 148.5 13.2 4.8 51.9 6.8
1.0 1.0 1.0 5.9 3.0 201.6 21.5 4.1 233.2 11.7
3.0 2.0 1.0 0.0 5.0 196.7 24.1 36.5 126.1 7.8
3.0 1.0 1.0 0.0 6.0 147.5 27.6 34.0 0.0 5.5
1.0 2.0 1.0 28.3 1.0 187.2 28.5 38.0 88.9 8.3
3.0 1.0 1.0 0.0 5.0 183.0 18.3 44.0 0.0 5.7
2.0 2.0 5.0 2.0 4.0 93.5 13.8 11.6 147.2 3.3
1.0 1.0 1.0 83.5 1.0 205.6 35.7 15.1 176.3 43.2
3.0 1.0 1.0 0.0 5.0 236.5 21.2 52.4 0.0 6.2
3.0 1.0 1.0 0.0 5.0 234.2 24.0 44.5 0.0 6.8
2.0 3.0 4.0 3.8 4.0 62.1 12.7 5.7 220.1 4.7
1.0 1.0 3.0 42.9 3.0 112.9 21.7 10.8 127.8 14.1
3.0 2.0 4.0 0.0 7.0 146.7 8.4 5.2 46.5 6.9
3.0 1.0 1.0 0.0 6.0 146.5 21.5 28.0 0.0 6.4
2.0 3.0 5.0 10.5 4.0 139.9 18.1 8.6 238.7 6.1
1.0 2.0 1.0 44.8 1.0 170.2 27.4 38.6 116.1 14.2
1.0 1.0 3.0 32.0 3.0 120.3 21.5 8.9 127.1 10.4
3.0 2.0 6.0 0.0 5.0 231.4 26.2 26.1 77.1 4.1
3.0 1.0 1.0 0.0 6.0 144.0 23.5 30.0 0.0 6.0
3.0 1.0 1.0 0.0 6.0 161.9 25.9 35.6 0.0 5.9
3.0 1.0 1.0 0.0 5.0 198.4 22.8 35.1 0.0 6.8
2.0 3.0 5.0 13.1 4.0 146.8 17.4 10.8 164.5 5.4
2.0 3.0 5.0 2.2 4.0 132.3 20.6 14.5 188.0 4.0
1.0 1.0 3.0 1.5 2.0 126.6 21.4 10.2 130.1 5.0
3.0 2.0 1.0 0.0 5.0 222.0 24.3 32.1 101.3 8.6
2.0 2.0 5.0 3.9 4.0 102.7 16.4 14.0 172.5 3.6
1.0 1.0 1.0 1.3 2.0 204.7 26.2 24.3 242.1 9.1
3.0 1.0 1.0 0.0 5.0 196.4 23.8 49.1 0.0 5.3
2.0 2.0 4.0 17.0 4.0 157.6 9.1 12.8 142.8 7.7
2.0 3.0 5.0 2.2 4.0 129.4 22.2 14.1 248.3 4.6
2.0 3.0 5.0 18.3 4.0 148.2 21.2 13.7 193.5 6.2
1.0 1.0 2.0 5.5 1.0 725.1 34.2 35.1 108.8 19.5
1.0 1.0 1.0 49.0 1.0 211.5 25.1 17.1 179.7 20.9
3.0 2.0 1.0 0.0 5.0 206.2 28.6 37.7 127.3 7.8
3.0 1.0 1.0 0.0 6.0 174.7 21.6 31.9 0.0 6.8
3.0 2.0 4.0 0.0 7.0 122.2 8.6 6.3 76.3 6.5
3.0 2.0 1.0 0.0 5.0 209.4 26.4 28.6 100.3 8.5
3.0 1.0 1.0 0.0 6.0 171.9 23.6 30.7 0.0 6.8
1.0 2.0 1.0 16.4 1.0 172.9 28.0 25.6 136.7 7.2
1.0 2.0 4.0 1.7 3.0 108.6 10.6 1.8 105.3 4.5
1.0 2.0 1.0 4.0 1.0 160.8 27.6 31.5 103.1 4.6
2.0 3.0 4.0 7.8 4.0 60.4 13.5 8.5 218.4 4.6
1.0 1.0 3.0 9.0 2.0 133.2 21.8 15.3 110.7 4.8
1.0 2.0 4.0 40.1 2.0 216.9 13.7 7.5 102.9 14.5
2.0 3.0 4.0 6.0 4.0 69.9 14.2 8.4 243.0 5.0
3.0 2.0 1.0 0.0 5.0 217.3 28.8 37.3 89.0 7.6
2.0 3.0 5.0 14.9 4.0 135.5 22.9 15.3 128.0 4.1
3.0 2.0 4.0 0.0 7.0 128.3 8.7 4.5 58.0 6.6
1.0 2.0 4.0 52.8 1.0 150.6 15.8 9.9 69.5 17.4
2.0 2.0 4.0 15.8 4.0 173.1 11.5 4.2 92.0 8.0
1.0 1.0 1.0 55.1 1.0 232.3 31.7 18.9 155.9 23.9
1.0 1.0 2.0 33.4 1.0 735.7 32.0 42.3 82.3 24.3
3.0 2.0 1.0 0.0 5.0 194.3 28.9 42.1 80.5 6.3
2.0 2.0 4.0 5.1 4.0 119.7 10.4 13.9 91.7 4.4
3.0 1.0 1.0 0.0 6.0 137.5 25.7 38.0 0.0 4.9
2.0 2.0 4.0 6.3 4.0 167.4 9.0 7.9 140.7 7.2
3.0 2.0 4.0 0.0 7.0 143.9 7.7 4.3 61.9 7.2
1.0 2.0 1.0 29.6 1.0 163.4 30.6 19.8 94.1 9.8
3.0 1.0 1.0 0.0 5.0 232.5 22.0 36.1 0.0 7.7
2.0 3.0 4.0 4.5 4.0 60.5 11.7 7.0 225.4 4.7
2.0 3.0 4.0 4.6 4.0 61.6 14.9 14.8 168.6 3.0
3.0 1.0 1.0 0.0 5.0 190.5 25.4 49.6 0.0 5.0
3.0 1.0 1.0 0.0 5.0 206.5 18.4 35.9 0.0 7.2
3.0 1.0 1.0 0.0 6.0 155.7 25.5 39.1 0.0 5.4
1.0 1.0 3.0 45.1 3.0 122.7 21.3 9.8 134.9 15.5
3.0 1.0 1.0 0.0 5.0 203.0 19.4 34.0 0.0 7.2
2.0 3.0 5.0 8.6 4.0 137.7 16.3 11.5 210.2 5.3
2.0 3.0 5.0 18.4 4.0 157.3 22.2 11.9 154.3 6.1
3.0 1.0 1.0 0.0 6.0 166.4 22.4 36.7 0.0 6.1
1.0 2.0 1.0 43.0 1.0 163.7 29.6 35.3 90.4 13.2
1.0 1.0 3.0 34.5 3.0 133.9 21.6 10.2 84.5 10.9
3.0 2.0 4.0 0.0 7.0 169.9 9.7 4.9 57.7 7.7
3.0 1.0 1.0 0.0 6.0 148.3 26.9 27.9 0.0 6.2
2.0 2.0 5.0 5.9 4.0 90.5 18.5 13.0 149.0 3.1
1.0 2.0 1.0 18.9 3.0 127.3 24.6 11.1 96.0 8.1
1.0 1.0 1.0 86.8 1.0 239.3 35.0 14.1 179.5 47.2
3.0 2.0 1.0 0.0 5.0 220.6 26.6 32.4 95.1 8.4
1.0 2.0 1.0 38.5 1.0 182.8 31.1 23.0 109.2 13.3
3.0 1.0 1.0 0.0 6.0 152.2 25.7 39.9 0.0 5.2
1.0 1.0 3.0 30.7 3.0 116.8 21.1 8.2 124.2 9.9
3.0 2.0 6.0 0.0 5.0 196.3 24.5 33.4 135.7 3.2
3.0 1.0 1.0 0.0 5.0 233.2 24.2 37.5 0.0 7.5
3.0 1.0 1.0 0.0 5.0 204.7 24.9 50.9 0.0 5.3
2.0 2.0 5.0 17.2 4.0 104.9 19.1 17.0 114.6 3.9
3.0 2.0 4.0 0.0 7.0 152.6 10.9 4.2 61.9 7.3
3.0 2.0 6.0 0.0 5.0 213.0 28.6 29.5 113.0 3.6
2.0 2.0 5.0 19.3 4.0 104.7 16.4 15.9 175.1 5.3
3.0 1.0 1.0 0.0 6.0 167.4 21.9 36.8 0.0 6.1
3.0 1.0 1.0 0.0 5.0 194.1 21.9 51.6 0.0 5.1
1.0 2.0 4.0 69.7 1.0 151.2 17.6 7.5 64.0 27.9
2.0 3.0 5.0 2.5 4.0 143.8 18.8 16.3 132.9 3.5
2.0 3.0 4.0 1.3 4.0 57.0 13.0 9.5 200.0 3.8
1.0 1.0 3.0 11.2 2.0 139.0 21.4 19.4 167.9 5.6
1.0 2.0 1.0 43.5 1.0 191.7 26.3 31.1 120.4 15.2
1.0 1.0 1.0 51.0 1.0 227.0 32.9 16.2 115.0 21.2
3.0 2.0 1.0 0.0 5.0 215.3 26.9 45.3 134.2 7.4
2.0 3.0 4.0 2.8 4.0 62.5 12.9 13.0 223.5 4.0
1.0 2.0 1.0 17.5 2.0 161.7 22.2 41.7 90.3 5.4
3.0 2.0 6.0 0.0 5.0 204.0 27.6 25.2 90.1 3.5
3.0 1.0 1.0 0.0 6.0 143.4 23.6 36.1 0.0 5.4
1.0 1.0 2.0 5.7 1.0 712.6 34.1 40.0 88.5 18.4
2.0 2.0 4.0 4.8 4.0 111.3 10.1 11.1 109.1 4.7
2.0 3.0 5.0 19.4 4.0 126.5 21.5 15.5 139.0 4.9
1.0 2.0 1.0 28.0 1.0 187.9 25.9 40.5 90.7 8.2
3.0 1.0 1.0 0.0 6.0 154.6 26.2 40.1 0.0 5.2
2.0 3.0 5.0 19.9 4.0 138.9 19.4 8.9 143.6 6.1
2.0 3.0 4.0 16.9 4.0 53.1 12.4 9.3 242.8 5.8
2.0 2.0 4.0 7.1 4.0 173.7 13.8 9.5 96.1 6.4
3.0 1.0 1.0 0.0 5.0 184.7 23.4 46.9 0.0 5.2
1.0 1.0 3.0 41.9 3.0 126.0 21.6 9.3 109.8 13.9
1.0 2.0 4.0 44.5 2.0 220.9 14.5 18.6 92.8 15.2
1.0 1.0 2.0 79.6 1.0 705.1 32.8 50.4 182.4 50.0
2.0 3.0 5.0 10.6 4.0 140.2 16.9 15.2 226.7 5.4
2.0 3.0 4.0 3.1 4.0 51.0 14.3 8.1 125.0 2.8
2.0 3.0 5.0 18.5 4.0 153.6 22.0 12.4 230.9 7.0
2.0 3.0 4.0 12.5 4.0 50.7 13.7 7.1 185.9 4.4
1.0 1.0 3.0 24.8 3.0 113.5 21.1 7.9 102.9 7.9
1.0 2.0 1.0 5.8 1.0 158.7 28.1 17.3 101.2 6.0
1.0 2.0 4.0 35.4 2.0 139.1 12.3 17.4 102.6 9.6
1.0 2.0 1.0 48.0 1.0 154.9 27.2 22.9 113.2 16.8
2.0 3.0 5.0 3.8 4.0 155.5 16.2 11.2 185.5 5.2
1.0 1.0 2.0 10.6 1.0 768.6 32.2 36.6 85.2 20.8
3.0 1.0 1.0 0.0 5.0 227.2 27.1 46.0 0.0 6.3
1.0 1.0 3.0 9.0 2.0 120.0 21.8 20.6 120.8 4.1
3.0 1.0 1.0 0.0 6.0 136.8 25.9 41.0 0.0 4.6
2.0 2.0 5.0 17.3 4.0 70.8 18.9 15.6 114.3 3.1
3.0 1.0 1.0 0.0 6.0 141.7 21.2 35.0 0.0 5.6
1.0 2.0 1.0 31.6 1.0 176.0 29.0 24.8 100.1 10.5
2.0 3.0 5.0 10.7 4.0 138.3 19.5 12.7 229.2 5.5
3.0 1.0 1.0 0.0 6.0 158.6 24.0 29.3 0.0 6.5
2.0 2.0 4.0 1.6 4.0 151.2 9.8 10.9 134.6 6.1
2.0 3.0 4.0 12.6 4.0 62.8 14.6 7.9 152.5 4.2
3.0 1.0 1.0 0.0 6.0 165.4 20.2 33.9 0.0 6.4
3.0 1.0 1.0 0.0 6.0 141.2 20.8 38.6 0.0 5.2
1.0 1.0 3.0 32.5 3.0 122.2 21.4 10.6 98.4 10.1
1.0 1.0 3.0 42.1 3.0 120.3 21.9 7.9 88.3 13.7
1.0 2.0 4.0 35.2 2.0 177.1 14.3 6.8 129.8 12.0
3.0 2.0 4.0 0.0 7.0 142.8 7.7 4.2 88.8 7.5
1.0 1.0 2.0 67.3 1.0 641.2 30.8 49.2 133.2 38.7
3.0 1.0 1.0 0.0 5.0 206.1 18.2 34.5 0.0 7.3
3.0 2.0 1.0 0.0 5.0 226.7 28.4 27.6 133.7 9.4
3.0 1.0 1.0 0.0 5.0 230.3 20.5 43.5 0.0 7.0
3.0 1.0 1.0 0.0 5.0 238.6 25.1 50.4 0.0 6.3
2.0 3.0 4.0 1.5 4.0 69.5 9.8 6.2 198.4 4.7
1.0 1.0 3.0 6.5 2.0 137.5 22.1 12.0 105.0 5.0
1.0 1.0 1.0 83.8 1.0 203.7 29.3 13.6 184.3 44.0
1.0 1.0 2.0 88.1 1.0 698.3 35.5 45.6 176.9 57.2
3.0 1.0 1.0 0.0 6.0 151.3 22.8 38.5 0.0 5.4
1.0 1.0 3.0 45.4 3.0 132.3 21.9 10.2 121.7 15.7
3.0 1.0 1.0 0.0 6.0 175.0 25.2 34.0 0.0 6.4
2.0 3.0 4.0 10.2 4.0 67.8 14.1 8.8 185.9 4.5
1.0 2.0 4.0 51.6 1.0 178.1 16.1 6.4 51.2 17.7
2.0 2.0 4.0 14.9 4.0 129.4 12.2 12.9 97.0 5.7
3.0 2.0 6.0 0.0 5.0 234.8 28.8 35.3 108.7 3.6
3.0 2.0 1.0 0.0 5.0 236.6 24.2 39.8 122.1 8.6
3.0 2.0 4.0 0.0 7.0 140.7 12.3 6.6 56.3 6.5
2.0 3.0 4.0 17.1 4.0 61.8 14.2 7.3 159.2 5.0
1.0 2.0 4.0 96.7 1.0 154.6 15.7 12.0 78.4 50.3
2.0 2.0 5.0 12.9 4.0 102.3 14.7 13.8 167.0 4.4
1.0 2.0 1.0 28.7 1.0 172.1 27.7 27.3 110.5 9.4
2.0 3.0 4.0 17.5 4.0 62.1 13.9 15.2 145.2 4.2
2.0 3.0 4.0 9.5 4.0 65.9 12.4 4.7 128.5 4.1
1.0 1.0 1.0 11.2 1.0 231.0 24.6 28.8 94.1 7.8
3.0 2.0 4.0 0.0 7.0 123.8 8.5 4.8 58.4 6.4
3.0 2.0 4.0 0.0 7.0 128.3 9.6 7.5 65.3 6.3
2.0 3.0 5.0 10.2 4.0 149.5 20.8 13.4 215.4 5.4
2.0 2.0 5.0 8.4 4.0 77.1 15.6 16.5 172.8 3.0
1.0 2.0 1.0 12.8 2.0 195.2 24.2 31.3 117.5 7.0
3.0 1.0 1.0 0.0 6.0 144.1 25.9 40.1 0.0 4.9
2.0 3.0 4.0 9.6 4.0 61.1 14.0 4.6 194.7 4.8
3.0 1.0 1.0 0.0 5.0 216.5 25.5 34.8 0.0 7.2
3.0 1.0 1.0 0.0 6.0 178.9 22.5 31.7 0.0 6.9
2.0 3.0 5.0 5.0 4.0 154.3 18.3 13.5 145.7 4.3
3.0 1.0 1.0 0.0 5.0 230.7 19.1 51.6 0.0 6.2
2.0 2.0 5.0 10.6 4.0 91.5 15.2 15.4 142.5 3.3
1.0 1.0 3.0 46.8 3.0 119.2 21.9 10.9 124.8 15.9
1.0 2.0 4.0 9.0 2.0 106.4 10.0 3.2 146.2 4.9
1.0 1.0 1.0 53.7 1.0 201.0 35.6 19.6 142.9 21.8
3.0 1.0 1.0 0.0 5.0 188.0 20.4 41.2 0.0 6.0
1.0 1.0 3.0 42.6 3.0 133.0 21.4 7.9 101.4 14.5
3.0 2.0 6.0 0.0 5.0 227.5 29.0 26.7 120.2 4.3
2.0 3.0 4.0 6.8 4.0 67.5 14.5 7.7 225.1 4.8
2.0 2.0 5.0 2.0 4.0 101.6 18.8 12.0 179.8 3.7
2.0 3.0 4.0 5.1 4.0 59.0 14.4 11.3 231.7 4.2
2.0 2.0 4.0 19.7 4.0 117.8 13.6 10.7 136.3 6.9
1.0 1.0 1.0 46.2 1.0 218.3 24.4 20.7 181.2 19.5
2.0 2.0 5.0 3.4 4.0 72.5 19.0 17.1 144.9 1.9
2.0 3.0 5.0 15.0 4.0 129.1 23.4 9.0 183.0 5.3
1.0 1.0 2.0 86.2 1.0 681.0 32.1 51.5 157.7 54.4
3.0 1.0 1.0 0.0 6.0 142.1 21.7 38.0 0.0 5.3
3.0 2.0 6.0 0.0 5.0 217.8 25.3 35.5 148.2 3.8
1.0 1.0 2.0 50.3 1.0 632.0 33.4 54.2 210.3 28.9
1.0 1.0 2.0 14.5 1.0 695.2 32.0 37.5 70.4 18.9
1.0 2.0 4.0 12.7 2.0 109.3 10.4 3.2 99.8 4.8
1.0 1.0 1.0 48.8 1.0 203.7 24.7 22.8 190.7 20.2
3.0 1.0 1.0 0.0 6.0 158.3 26.2 34.5 0.0 5.9
2.0 3.0 4.0 19.9 4.0 53.1 12.8 12.4 203.5 5.5
2.0 3.0 4.0 12.4 4.0 52.9 14.0 12.6 229.0 4.5
2.0 3.0 4.0 12.6 4.0 63.9 11.7 8.2 153.0 4.4
2.0 3.0 5.0 8.2 4.0 156.6 18.2 16.5 223.9 5.4
2.0 2.0 5.0 17.2 4.0 78.3 14.3 15.0 119.4 3.6
3.0 1.0 1.0 0.0 5.0 193.9 20.8 35.8 0.0 6.7
1.0 1.0 2.0 42.3 1.0 659.7 33.6 40.5 89.1 25.7
1.0 2.0 4.0 21.2 2.0 199.6 12.5 9.7 89.6 7.9
1.0 1.0 1.0 29.5 1.0 229.7 24.1 24.2 155.8 12.8
3.0 2.0 4.0 0.0 7.0 144.6 12.4 3.5 77.7 7.2
3.0 1.0 1.0 0.0 6.0 151.5 26.1 26.3 0.0 6.5
3.0 1.0 1.0 0.0 5.0 181.9 25.1 40.3 0.0 5.7
3.0 1.0 1.0 0.0 6.0 168.7 23.8 34.5 0.0 6.3
3.0 2.0 6.0 0.0 5.0 197.8 24.2 27.4 130.5 3.8
1.0 2.0 4.0 54.1 1.0 142.1 16.4 7.0 44.3 17.8
2.0 2.0 4.0 3.1 4.0 127.6 13.5 3.7 146.0 6.1
1.0 1.0 3.0 44.1 3.0 131.7 21.3 8.0 111.7 15.2
3.0 2.0 1.0 0.0 5.0 213.2 27.1 43.1 114.0 7.3
3.0 2.0 1.0 0.0 5.0 210.5 27.5 29.7 137.8 8.9
1.0 1.0 1.0 10.1 1.0 222.0 25.7 21.6 130.3 8.6
1.0 1.0 2.0 87.6 1.0 691.3 33.2 47.7 199.7 56.8
2.0 2.0 4.0 5.1 4.0 162.9 11.3 12.7 84.2 5.6
2.0 2.0 4.0 17.1 4.0 164.6 13.3 10.5 150.0 8.0
1.0 2.0 4.0 77.8 1.0 177.6 15.5 6.1 60.5 34.8
2.0 2.0 4.0 14.3 4.0 154.3 10.7 4.6 101.6 7.3
2.0 3.0 4.0 16.4 4.0 62.6 14.4 9.8 211.6 5.4
2.0 2.0 5.0 13.1 4.0 88.6 13.5 11.9 160.2 4.2
1.0 1.0 1.0 56.5 1.0 195.3 35.7 13.5 128.8 23.6
3.0 1.0 1.0 0.0 5.0 194.3 26.8 49.8 0.0 5.0
3.0 2.0 6.0 0.0 5.0 216.0 27.0 23.0 95.7 4.2
3.0 2.0 1.0 0.0 5.0 200.9 24.8 45.8 115.9 6.8
2.0 3.0 5.0 4.2 4.0 146.6 18.2 15.1 248.1 5.3
1.0 1.0 1.0 75.4 1.0 234.5 29.3 19.0 189.7 37.7
3.0 1.0 1.0 0.0 6.0 146.6 23.9 31.5 0.0 5.9
2.0 2.0 5.0 17.4 4.0 96.3 13.7 13.6 104.6 4.1
3.0 2.0 6.0 0.0 5.0 215.8 24.2 23.2 122.8 4.6
2.0 3.0 4.0 19.4 4.0 67.9 10.4 12.2 221.2 6.2
2.0 3.0 5.0 5.7 4.0 150.0 20.9 14.3 218.0 5.0
1.0 1.0 2.0 27.0 1.0 708.6 32.8 38.0 98.0 22.2
2.0 2.0 4.0 1.3 4.0 135.8 10.7 10.4 131.9 5.6
3.0 1.0 1.0 0.0 6.0 178.3 25.1 28.9 0.0 7.0
3.0 2.0 6.0 0.0 5.0 191.0 24.7 25.3 76.0 3.1
1.0 1.0 3.0 25.7 3.0 132.8 21.8 9.5 146.9 9.1
1.0 1.0 1.0 18.5 3.0 200.3 21.7 5.7 195.0 12.5
3.0 2.0 6.0 0.0 5.0 194.3 28.8 25.5 121.6 3.5
2.0 3.0 5.0 19.6 4.0 125.1 21.4 14.6 164.1 5.3
2.0 2.0 4.0 2.3 4.0 126.5 12.0 5.5 120.7 5.6
3.0 2.0 6.0 0.0 5.0 201.7 26.5 31.7 96.5 2.9
3.0 1.0 1.0 0.0 6.0 154.9 22.9 34.6 0.0 5.9
1.0 2.0 4.0 21.1 2.0 152.4 10.0 16.7 148.9 6.8
2.0 3.0 5.0 7.4 4.0 125.9 22.4 16.6 214.7 4.1
3.0 2.0 4.0 0.0 7.0 157.5 13.0 3.8 56.6 7.3
2.0 2.0 5.0 17.2 4.0 100.7 16.0 9.1 124.5 4.8
3.0 1.0 1.0 0.0 6.0 138.5 24.7 32.3 0.0 5.6
2.0 3.0 5.0 7.0 4.0 140.2 19.8 8.8 246.4 5.8
1.0 1.0 1.0 93.2 1.0 198.1 34.4 18.9 162.4 51.1
3.0 2.0 6.0 0.0 5.0 233.0 24.5 20.5 75.9 4.8
3.0 2.0 1.0 0.0 5.0 204.7 27.0 35.8 130.6 8.0
2.0 3.0 5.0 11.5 4.0 143.6 16.2 8.8 225.6 6.2
1.0 1.0 1.0 93.3 1.0 228.3 34.5 21.7 165.2 51.8
1.0 1.0 1.0 31.6 1.0 204.0 25.2 12.3 114.6 13.3
1.0 1.0 1.0 23.9 1.0 206.0 25.2 28.3 166.9 10.3
3.0 2.0 1.0 0.0 5.0 228.3 24.7 32.8 140.5 9.2
2.0 3.0 4.0 14.1 4.0 63.5 10.8 5.8 244.7 6.1
2.0 2.0 5.0 14.7 4.0 91.0 18.5 16.4 155.1 3.7
2.0 2.0 4.0 4.7 4.0 137.1 10.9 11.2 121.1 5.5
3.0 1.0 1.0 0.0 6.0 167.1 24.9 36.4 0.0 6.0
3.0 2.0 1.0 0.0 5.0 213.8 24.7 33.1 143.8 8.8
3.0 1.0 1.0 0.0 5.0 212.1 25.4 40.2 0.0 6.5
3.0 1.0 1.0 0.0 5.0 194.1 18.2 32.1 0.0 7.2
1.0 2.0 4.0 52.5 1.0 150.1 19.3 7.0 78.7 17.5
2.0 2.0 4.0 11.1 4.0 131.0 13.3 9.0 141.5 6.2
1.0 1.0 2.0 84.6 1.0 646.6 30.6 58.0 128.6 51.1
2.0 3.0 4.0 10.2 4.0 67.8 14.7 9.1 149.0 3.9
2.0 3.0 4.0 9.8 4.0 51.8 13.4 14.1 136.9 2.8
3.0 2.0 6.0 0.0 5.0 223.1 27.4 20.3 115.4 4.9
3.0 2.0 1.0 0.0 5.0 219.1 28.9 37.1 89.5 7.7
1.0 2.0 1.0 1.1 2.0 157.5 22.3 30.1 137.1 5.6
3.0 1.0 1.0 0.0 6.0 152.2 21.3 33.7 0.0 6.0
1.0 2.0 1.0 22.1 1.0 196.3 28.8 40.7 78.5 6.6
3.0 2.0 1.0 0.0 5.0 209.3 25.8 40.7 110.3 7.5
1.0 1.0 1.0 81.1 1.0 248.5 30.4 18.0 135.0 41.9
3.0 1.0 1.0 0.0 6.0 141.1 24.4 32.6 0.0 5.7
1.0 1.0 1.0 61.4 1.0 236.4 33.8 14.8 188.6 28.4
2.0 3.0 4.0 15.3 4.0 51.8 11.9 4.6 169.8 5.0
2.0 2.0 4.0 4.5 4.0 180.1 14.2 3.9 82.0 6.8
3.0 2.0 6.0 0.0 5.0 230.0 25.8 22.1 123.4 5.1
3.0 2.0 6.0 0.0 5.0 193.5 28.8 26.5 112.9 3.3
2.0 2.0 4.0 4.4 4.0 123.4 13.9 7.7 131.0 5.4
2.0 3.0 5.0 3.8 4.0 145.9 17.4 14.8 247.2 5.3
1.0 1.0 1.0 5.4 1.0 224.4 24.6 29.6 159.7 7.9
2.0 3.0 5.0 12.1 4.0 127.4 19.3 16.9 192.8 4.4
2.0 3.0 5.0 12.8 4.0 126.6 17.9 10.2 138.7 4.5
1.0 1.0 2.0 82.8 1.0 680.9 30.3 50.8 139.5 51.4
1.0 2.0 1.0 30.2 1.0 188.2 28.0 35.1 103.9 9.4
2.0 2.0 4.0 12.4 4.0 154.1 10.9 9.9 146.2 7.1
1.0 2.0 4.0 51.9 1.0 170.3 19.2 13.4 68.1 17.0
3.0 1.0 1.0 0.0 5.0 197.3 24.2 46.6 0.0 5.5
2.0 3.0 5.0 8.7 4.0 130.1 23.3 12.0 221.9 4.8
2.0 3.0 5.0 1.6 4.0 144.0 22.0 15.7 129.3 3.3
1.0 2.0 1.0 15.3 1.0 157.4 28.4 39.6 85.5 4.5
2.0 2.0 5.0 9.4 4.0 81.5 13.9 11.7 111.4 2.9
3.0 1.0 1.0 0.0 6.0 146.8 26.3 25.9 0.0 6.4
3.0 2.0 6.0 0.0 5.0 212.2 26.6 31.4 82.9 3.1
3.0 1.0 1.0 0.0 6.0 153.8 20.7 39.0 0.0 5.6
2.0 3.0 4.0 18.5 4.0 64.2 12.6 5.0 132.8 5.3
2.0 3.0 4.0 16.3 4.0 60.1 13.9 5.1 184.6 5.4
1.0 1.0 1.0 84.5 1.0 251.8 32.3 17.0 163.5 45.2
3.0 2.0 1.0 0.0 5.0 193.0 25.0 35.6 97.2 7.4
2.0 2.0 4.0 6.8 4.0 181.1 10.9 8.2 121.0 7.2
3.0 1.0 1.0 0.0 5.0 215.9 27.0 35.7 0.0 7.0
3.0 1.0 1.0 0.0 5.0 234.6 26.8 35.1 0.0 7.6
1.0 1.0 1.0 6.8 3.0 190.5 21.2 5.5 179.6 10.6
1.0 1.0 3.0 19.6 2.0 128.6 22.0 18.6 119.1 6.0
2.0 3.0 5.0 12.4 4.0 157.4 16.8 13.6 238.5 6.4
3.0 2.0 4.0 0.0 7.0 111.4 11.6 6.1 64.0 5.9
2.0 2.0 4.0 6.4 4.0 180.8 10.3 10.7 119.7 6.9
3.0 1.0 1.0 0.0 6.0 138.5 20.4 27.2 0.0 6.3
3.0 2.0 6.0 0.0 5.0 207.8 26.4 27.4 75.6 3.3
3.0 1.0 1.0 0.0 5.0 184.7 21.1 48.8 0.0 5.1
2.0 2.0 5.0 12.3 4.0 88.3 17.9 14.5 135.6 3.3
3.0 2.0 6.0 0.0 5.0 200.5 26.7 22.3 77.4 3.6
3.0 1.0 1.0 0.0 5.0 200.2 24.2 47.4 0.0 5.5
2.0 3.0 4.0 13.6 4.0 53.4 13.7 7.8 241.1 5.3
2.0 3.0 4.0 1.5 4.0 69.8 14.2 11.5 162.6 3.4
3.0 1.0 1.0 0.0 6.0 148.4 23.6 36.1 0.0 5.6
2.0 3.0 4.0 6.2 4.0 64.2 14.1 10.7 242.8 4.6
2.0 3.0 5.0 17.9 4.0 138.1 19.8 10.6 142.1 5.5
2.0 3.0 4.0 3.6 4.0 54.6 13.6 5.1 211.4 4.4
2.0 3.0 5.0 8.7 4.0 125.5 17.2 15.6 128.5 3.4
1.0 1.0 3.0 3.7 2.0 124.3 21.3 19.7 104.2 3.7
2.0 3.0 4.0 18.0 4.0 69.6 14.7 13.4 203.3 5.4
1.0 1.0 3.0 40.6 3.0 110.0 21.9 8.0 147.6 13.6
1.0 1.0 1.0 50.1 1.0 225.1 33.3 15.1 152.1 21.3
2.0 3.0 4.0 8.6 4.0 58.0 10.1 9.0 197.8 4.4
3.0 2.0 1.0 0.0 5.0 227.1 25.7 33.0 136.3 9.1
1.0 2.0 4.0 27.9 2.0 153.1 14.1 17.6 106.8 7.6
1.0 2.0 4.0 7.2 3.0 96.9 10.2 2.9 140.5 4.8
3.0 1.0 1.0 0.0 5.0 230.9 19.1 48.4 0.0 6.6
1.0 1.0 2.0 89.4 1.0 664.0 35.1 44.4 222.0 58.1
3.0 1.0 1.0 0.0 5.0 225.3 27.4 41.5 0.0 6.7
3.0 2.0 4.0 0.0 7.0 144.5 8.7 3.6 64.5 7.2
3.0 1.0 1.0 0.0 5.0 205.7 18.8 39.1 0.0 6.8
1.0 1.0 3.0 13.5 2.0 132.4 21.2 15.0 117.1 5.5
3.0 2.0 6.0 0.0 5.0 224.1 24.5 30.1 99.9 3.9
1.0 1.0 3.0 9.9 2.0 123.9 21.5 16.6 124.0 4.7
2.0 2.0 5.0 10.9 4.0 77.2 16.5 17.9 132.1 2.5
1.0 2.0 1.0 8.4 1.0 154.3 25.6 39.1 131.8 4.4
1.0 2.0 4.0 63.2 1.0 144.6 19.9 6.2 62.5 23.4
1.0 2.0 1.0 42.4 1.0 154.8 25.9 26.2 78.8 13.6
2.0 2.0 5.0 6.0 4.0 92.3 19.0 15.6 107.4 2.3
2.0 3.0 4.0 1.5 4.0 52.8 9.2 11.2 198.4 3.7
3.0 2.0 6.0 0.0 5.0 192.3 25.7 21.3 118.8 4.0
1.0 2.0 4.0 62.6 1.0 164.5 16.1 9.0 71.0 23.6
2.0 3.0 4.0 3.4 4.0 51.1 9.8 6.7 178.3 3.9
3.0 1.0 1.0 0.0 6.0 176.6 25.3 40.6 0.0 5.8
3.0 2.0 1.0 0.0 5.0 232.9 27.2 26.4 116.3 9.6
1.0 1.0 1.0 72.0 1.0 222.8 32.7 18.9 160.0 34.3
1.0 1.0 1.0 6.0 1.0 206.3 22.6 30.1 123.5 7.0
2.0 2.0 4.0 1.8 4.0 150.6 12.8 12.6 101.1 5.3
1.0 1.0 3.0 40.1 3.0 131.2 21.0 9.2 103.8 13.3
2.0 3.0 4.0 3.5 4.0 51.1 11.9 12.1 171.9 3.1
3.0 1.0 1.0 0.0 6.0 179.2 20.0 32.7 0.0 7.0
1.0 1.0 1.0 49.4 1.0 214.7 27.9 23.1 164.5 20.3
2.0 2.0 5.0 16.7 4.0 98.3 18.0 16.2 123.6 3.9
2.0 3.0 4.0 5.3 4.0 56.6 11.6 13.2 158.7 3.1
2.0 2.0 5.0 3.3 4.0 91.2 15.1 8.5 160.9 3.7
3.0 1.0 1.0 0.0 5.0 202.9 19.6 45.7 0.0 6.0
2.0 3.0 5.0 2.7 4.0 126.2 20.3 9.1 216.1 4.7
3.0 1.0 1.0 0.0 6.0 172.2 21.1 38.1 0.0 6.2
1.0 1.0 2.0 62.4 1.0 696.7 32.2 57.0 165.1 36.7
3.0 1.0 1.0 0.0 6.0 156.9 24.9 36.4 0.0 5.7
2.0 3.0 5.0 19.4 4.0 127.3 22.8 13.2 168.0 5.4
3.0 2.0 6.0 0.0 5.0 228.4 25.9 23.6 143.4 5.1
1.0 1.0 3.0 1.3 2.0 123.8 21.6 18.5 98.1 3.7
1.0 1.0 3.0 5.7 2.0 136.5 21.3 21.3 153.2 4.7
2.0 3.0 4.0 16.0 4.0 60.9 10.7 9.2 125.8 4.4
1.0 1.0 3.0 12.6 2.0 127.0 21.2 21.4 98.5 4.3
3.0 2.0 4.0 0.0 7.0 117.4 9.3 7.3 73.8 6.2
1.0 1.0 1.0 99.4 1.0 235.5 31.7 19.5 136.4 57.8
1.0 1.0 1.0 21.0 1.0 197.2 25.0 27.6 187.1 9.8
2.0 3.0 4.0 7.9 4.0 55.4 13.0 14.7 163.1 3.1
3.0 2.0 4.0 0.0 7.0 151.0 13.0 3.5 59.5 7.1
3.0 1.0 1.0 0.0 6.0 139.0 22.4 28.5 0.0 6.1
1.0 2.0 4.0 40.3 2.0 160.8 14.3 10.1 76.2 12.4
2.0 3.0 4.0 2.5 4.0 53.4 14.5 4.9 238.8 4.7
2.0 3.0 5.0 9.2 4.0 128.7 17.4 15.2 233.5 5.0
2.0 2.0 5.0 7.4 4.0 82.7 15.0 14.4 106.3 2.4
3.0 2.0 6.0 0.0 5.0 222.8 28.3 34.1 85.4 3.0
3.0 1.0 1.0 0.0 6.0 139.0 24.0 35.1 0.0 5.4
3.0 2.0 6.0 0.0 5.0 208.3 26.6 31.6 143.1 3.7
2.0 3.0 5.0 2.4 4.0 158.2 22.8 14.3 241.4 5.3
3.0 2.0 6.0 0.0 5.0 234.7 27.4 21.7 123.5 5.2
1.0 1.0 2.0 35.8 1.0 755.7 34.3 35.8 134.0 26.9
2.0 3.0 4.0 5.3 4.0 55.2 10.3 5.7 159.2 3.9
2.0 3.0 5.0 5.3 4.0 150.5 22.8 11.5 138.0 4.1
3.0 2.0 1.0 0.0 5.0 231.6 25.8 38.1 87.1 8.0
1.0 2.0 1.0 28.3 1.0 159.2 27.1 31.6 84.7 8.2
1.0 2.0 4.0 62.6 1.0 161.6 18.1 8.0 64.4 23.4
1.0 2.0 4.0 29.2 2.0 233.6 14.6 13.0 100.8 10.6
3.0 1.0 1.0 0.0 6.0 148.5 27.5 36.2 0.0 5.3
1.0 1.0 3.0 31.9 3.0 134.7 21.7 8.6 119.2 10.7
2.0 2.0 4.0 18.9 4.0 139.5 11.8 11.6 129.7 7.3
2.0 2.0 4.0 12.6 4.0 142.3 10.9 11.8 87.0 5.8
3.0 1.0 1.0 0.0 5.0 180.4 24.0 38.0 0.0 5.9
2.0 3.0 5.0 3.3 4.0 151.7 15.9 9.9 133.8 4.5
3.0 2.0 1.0 0.0 5.0 195.0 25.7 36.0 119.3 7.6
2.0 3.0 5.0 7.3 4.0 141.6 18.3 16.4 205.0 4.6
3.0 2.0 1.0 0.0 5.0 206.9 28.5 35.4 109.2 7.8
1.0 1.0 3.0 10.2 2.0 139.0 21.8 21.7 106.8 4.4
2.0 3.0 5.0 12.1 4.0 154.5 23.1 14.9 224.4 5.6
3.0 2.0 1.0 0.0 5.0 225.0 26.6 43.9 109.1 7.5
1.0 2.0 4.0 62.3 1.0 174.8 20.4 12.3 63.3 23.0
2.0 2.0 4.0 18.2 4.0 156.7 14.4 6.6 111.5 7.8
1.0 2.0 1.0 8.9 1.0 158.2 25.1 28.1 98.3 5.2
3.0 1.0 1.0 0.0 5.0 231.6 23.5 44.3 0.0 6.8
1.0 1.0 1.0 87.8 1.0 230.3 35.3 16.8 110.2 46.6
3.0 1.0 1.0 0.0 6.0 143.2 20.6 33.6 0.0 5.8
2.0 2.0 4.0 4.4 4.0 158.2 12.7 6.5 140.0 6.7
2.0 2.0 4.0 4.7 4.0 153.6 11.1 13.7 107.3 5.5
3.0 2.0 4.0 0.0 7.0 117.7 7.0 7.9 59.8 6.1
2.0 2.0 4.0 17.4 4.0 114.1 12.4 14.4 108.3 5.7
1.0 2.0 4.0 74.0 1.0 173.8 16.2 7.6 81.1 31.9
1.0 2.0 4.0 50.6 1.0 141.5 16.8 9.5 45.3 15.7
1.0 1.0 3.0 23.4 3.0 127.5 21.2 8.3 100.9 7.9
3.0 2.0 1.0 0.0 5.0 192.4 28.9 41.4 148.3 7.3
2.0 3.0 5.0 14.1 4.0 128.1 19.8 16.3 229.2 5.2
1.0 1.0 3.0 12.9 2.0 134.8 22.1 11.0 175.0 6.6
1.0 1.0 1.0 38.4 1.0 235.9 24.8 20.8 142.9 16.1
3.0 1.0 1.0 0.0 5.0 212.7 19.7 37.1 0.0 7.1
3.0 1.0 1.0 0.0 6.0 135.0 26.1 40.3 0.0 4.6
3.0 1.0 1.0 0.0 5.0 202.2 26.4 41.7 0.0 6.1
2.0 2.0 4.0 10.6 4.0 145.9 10.7 9.0 137.3 6.7
1.0 1.0 2.0 73.1 1.0 699.0 30.1 52.6 218.5 45.3
2.0 3.0 5.0 6.9 4.0 141.4 22.7 11.6 132.6 3.9
3.0 2.0 6.0 0.0 5.0 236.7 25.7 20.4 121.9 5.4
2.0 2.0 5.0 5.4 4.0 88.0 17.5 14.2 190.2 3.4
1.0 1.0 1.0 95.4 1.0 248.2 34.4 22.7 122.4 53.7
3.0 1.0 1.0 0.0 6.0 169.0 25.0 28.2 0.0 6.9
1.0 1.0 1.0 67.8 1.0 229.2 32.2 18.7 116.3 31.0
1.0 1.0 2.0 27.2 1.0 652.9 32.4 35.8 77.7 20.6
1.0 1.0 2.0 2.9 1.0 662.4 34.0 35.3 122.7 17.8
2.0 3.0 5.0 18.6 4.0 130.1 23.3 15.3 240.5 6.1
3.0 2.0 6.0 0.0 5.0 229.4 25.5 32.7 118.7 4.0
2.0 3.0 5.0 9.2 4.0 131.0 19.1 16.1 135.1 3.5
2.0 2.0 4.0 11.5 4.0 105.1 11.1 13.4 146.7 5.3
2.0 2.0 5.0 5.0 4.0 78.9 19.3 15.5 139.2 2.3
3.0 2.0 4.0 0.0 7.0 114.0 13.4 5.1 54.3 5.8
1.0 1.0 2.0 84.6 1.0 704.8 33.7 53.8 240.5 54.5
3.0 1.0 1.0 0.0 5.0 224.4 20.0 44.6 0.0 6.7
3.0 2.0 6.0 0.0 5.0 201.8 25.5 34.2 101.9 2.8
1.0 1.0 3.0 36.8 3.0 119.2 21.9 10.3 77.3 11.2
3.0 1.0 1.0 0.0 5.0 186.1 25.6 36.8 0.0 6.1
1.0 1.0 1.0 9.5 2.0 208.4 26.7 19.9 149.7 8.8
1.0 2.0 4.0 99.0 1.0 150.0 18.5 12.9 56.9 51.9
3.0 1.0 1.0 0.0 6.0 173.3 25.0 35.6 0.0 6.2
3.0 1.0 1.0 0.0 5.0 187.1 20.7 43.9 0.0 5.7
2.0 2.0 5.0 14.8 4.0 74.7 16.4 8.6 141.7 4.0
1.0 2.0 4.0 14.4 3.0 98.7 10.9 1.1 89.5 5.1
3.0 2.0 1.0 0.0 5.0 237.0 27.3 44.1 139.2 8.2
2.0 3.0 4.0 1.8 4.0 55.5 10.0 4.9 245.7 5.0
2.0 3.0 5.0 17.6 4.0 158.2 19.6 10.2 204.1 6.9
2.0 2.0 5.0 5.5 4.0 88.8 17.7 15.5 178.5 3.2
1.0 2.0 1.0 48.5 1.0 177.3 31.1 19.6 75.1 17.3
3.0 2.0 6.0 0.0 5.0 234.0 26.8 26.6 94.7 4.3
2.0 2.0 4.0 11.9 4.0 164.9 9.8 6.7 100.7 7.1
1.0 2.0 4.0 82.7 1.0 176.1 18.9 6.4 63.5 38.5
3.0 2.0 6.0 0.0 5.0 216.3 28.5 25.3 82.6 3.7
3.0 1.0 1.0 0.0 6.0 159.9 24.0 31.0 0.0 6.4
2.0 2.0 5.0 9.3 4.0 78.2 15.2 12.3 168.6 3.5
2.0 2.0 5.0 8.7 4.0 98.6 14.8 17.3 170.8 3.5
2.0 3.0 4.0 12.9 4.0 59.4 13.0 11.7 239.2 5.0
2.0 2.0 5.0 6.9 4.0 98.5 19.2 9.9 127.0 3.3
2.0 3.0 4.0 18.2 4.0 63.8 9.2 12.8 197.1 5.5
1.0 1.0 2.0 63.0 1.0 716.3 33.2 53.7 207.8 38.5
1.0 2.0 4.0 49.2 2.0 232.4 9.3 11.5 126.4 19.2
3.0 2.0 6.0 0.0 5.0 221.7 27.4 23.2 78.3 4.1
1.0 1.0 2.0 15.4 1.0 680.0 33.2 37.8 101.4 19.0
2.0 2.0 4.0 15.2 4.0 110.1 12.8 7.3 125.6 6.1
3.0 2.0 1.0 0.0 5.0 225.3 28.3 31.6 88.3 8.4
1.0 2.0 4.0 12.5 2.0 103.9 10.0 2.2 108.7 4.8
2.0 2.0 4.0 12.3 4.0 123.0 9.0 8.1 124.0 6.2
2.0 2.0 4.0 19.4 4.0 131.4 12.2 4.1 87.2 7.3
2.0 2.0 4.0 11.4 4.0 138.3 14.5 13.0 123.9 5.8
2.0 3.0 4.0 17.6 4.0 67.7 10.7 13.1 202.3 5.5
1.0 2.0 1.0 4.7 3.0 110.6 24.0 4.2 143.2 7.3
2.0 3.0 5.0 16.9 4.0 145.4 21.7 16.7 229.5 6.0
2.0 3.0 5.0 13.9 4.0 142.2 22.8 13.7 132.4 4.4
3.0 2.0 1.0 0.0 5.0 213.9 26.1 42.9 134.5 7.7
1.0 1.0 1.0 67.8 1.0 237.7 30.2 15.6 120.9 31.8
2.0 2.0 5.0 2.9 4.0 104.3 16.8 8.1 105.7 3.3
1.0 2.0 4.0 95.0 1.0 162.9 18.7 12.8 57.7 48.4
3.0 2.0 6.0 0.0 5.0 226.8 24.5 32.5 127.4 4.1
1.0 2.0 4.0 55.3 1.0 141.2 17.5 6.9 63.8 18.6
1.0 2.0 1.0 14.9 3.0 127.8 21.6 4.9 81.1 8.0
3.0 2.0 6.0 0.0 5.0 201.8 28.4 28.2 148.0 3.9
3.0 2.0 4.0 0.0 7.0 133.5 11.1 6.4 51.8 6.3
1.0 2.0 1.0 35.5 1.0 182.1 28.7 39.9 83.1 10.2
1.0 1.0 3.0 38.8 3.0 111.8 21.1 10.5 118.1 12.3
1.0 2.0 1.0 4.8 2.0 177.8 23.0 34.2 101.0 5.3
3.0 2.0 4.0 0.0 7.0 124.6 13.9 5.2 63.9 6.2
2.0 2.0 4.0 14.0 4.0 176.0 11.8 9.1 128.8 7.8
2.0 3.0 4.0 2.4 4.0 64.9 12.2 4.9 235.6 5.1
2.0 3.0 5.0 8.6 4.0 125.4 17.4 15.4 194.0 4.3
2.0 3.0 4.0 18.4 4.0 60.5 14.0 8.4 232.3 6.1
3.0 2.0 4.0 0.0 7.0 156.7 9.2 6.3 66.8 7.3
2.0 2.0 5.0 4.3 4.0 96.7 16.7 14.7 111.0 2.6
3.0 2.0 6.0 0.0 5.0 231.1 27.9 22.7 149.2 5.3
2.0 2.0 5.0 13.5 4.0 70.2 14.5 8.8 107.9 3.3
3.0 2.0 4.0 0.0 7.0 133.9 9.7 4.2 67.3 6.9
3.0 2.0 6.0 0.0 5.0 206.2 27.8 21.8 124.6 4.3
3.0 2.0 4.0 0.0 7.0 114.8 10.6 5.2 83.1 6.4
1.0 2.0 1.0 33.8 1.0 185.1 29.6 17.5 92.4 12.0
1.0 1.0 2.0 96.7 1.0 671.4 32.1 45.1 202.7 65.0
1.0 1.0 2.0 16.9 1.0 789.8 32.1 35.9 101.3 22.6
3.0 1.0 1.0 0.0 6.0 144.4 24.9 29.7 0.0 6.0
3.0 2.0 4.0 0.0 7.0 139.7 12.7 6.2 88.4 6.9
3.0 1.0 1.0 0.0 5.0 206.1 18.3 49.3 0.0 5.8
2.0 3.0 5.0 13.3 4.0 128.9 18.7 14.4 172.9 4.6
3.0 1.0 1.0 0.0 5.0 213.1 23.0 39.7 0.0 6.7
3.0 2.0 1.0 0.0 5.0 214.5 27.2 46.5 104.6 6.9
2.0 2.0 5.0 7.0 4.0 92.6 15.3 8.1 141.7 3.7
1.0 2.0 4.0 41.8 2.0 193.8 11.1 15.1 97.6 13.9
2.0 2.0 4.0 9.4 4.0 175.5 12.2 11.7 77.7 6.2
1.0 2.0 1.0 21.0 1.0 177.6 30.9 38.0 108.0 6.4
2.0 2.0 5.0 20.1 4.0 76.2 14.1 9.0 107.7 4.6
1.0 1.0 1.0 83.5 1.0 227.2 29.4 13.3 127.3 43.7
2.0 2.0 4.0 19.2 4.0 137.8 11.5 8.4 104.9 7.3
2.0 3.0 4.0 3.7 4.0 67.9 10.8 6.2 241.7 5.2
3.0 2.0 6.0 0.0 5.0 212.0 28.8 37.1 78.6 2.3
1.0 1.0 3.0 16.2 2.0 133.5 21.2 11.6 126.5 6.4
1.0 1.0 2.0 99.7 1.0 709.3 33.2 55.7 168.3 67.4
3.0 2.0 4.0 0.0 7.0 135.7 9.4 5.2 76.0 6.9
3.0 1.0 1.0 0.0 6.0 161.7 21.1 34.0 0.0 6.3
3.0 2.0 6.0 0.0 5.0 191.2 26.6 28.8 105.2 3.0
2.0 2.0 5.0 14.4 4.0 90.1 16.6 14.2 146.3 3.8
1.0 1.0 1.0 48.2 1.0 211.8 24.1 24.1 133.6 19.3
3.0 1.0 1.0 0.0 6.0 159.4 24.7 27.9 0.0 6.6
1.0 2.0 1.0 9.7 2.0 190.9 23.8 27.8 109.7 6.8
2.0 3.0 5.0 17.7 4.0 129.9 15.7 12.9 223.9 6.3
3.0 1.0 1.0 0.0 6.0 176.0 26.0 29.3 0.0 6.9
3.0 1.0 1.0 0.0 5.0 216.6 22.9 52.7 0.0 5.5
3.0 1.0 1.0 0.0 5.0 205.0 26.3 34.8 0.0 6.8
1.0 2.0 4.0 76.3 1.0 154.2 15.4 9.4 64.0 32.7
3.0 1.0 1.0 0.0 5.0 229.9 27.7 39.2 0.0 7.0
3.0 1.0 1.0 0.0 5.0 183.9 25.9 45.0 0.0 5.2
1.0 2.0 4.0 10.9 2.0 103.0 10.6 3.2 105.0 4.5
3.0 1.0 1.0 0.0 5.0 223.1 18.2 34.7 0.0 7.8
1.0 2.0 4.0 24.7 2.0 138.2 10.4 16.6 103.9 6.6
1.0 2.0 1.0 27.9 1.0 171.1 27.3 22.8 110.7 9.6
1.0 2.0 1.0 22.9 1.0 192.9 27.6 20.5 131.0 9.5
1.0 1.0 2.0 5.7 1.0 631.6 34.1 40.6 106.2 16.3
2.0 3.0 5.0 6.3 4.0 148.7 15.8 16.9 174.1 4.4
3.0 2.0 4.0 0.0 7.0 157.2 9.8 6.9 77.4 7.4
1.0 2.0 4.0 71.7 1.0 153.5 19.3 13.2 66.2 28.7
2.0 2.0 4.0 15.1 4.0 139.5 11.1 13.8 113.1 6.2
1.0 2.0 1.0 1.6 2.0 175.4 24.3 26.5 147.2 6.5
2.0 3.0 4.0 14.0 4.0 65.1 12.7 9.5 230.3 5.5
1.0 1.0 2.0 84.9 1.0 692.7 31.1 47.0 223.4 55.0
3.0 1.0 1.0 0.0 6.0 150.1 22.5 39.0 0.0 5.4
3.0 1.0 1.0 0.0 6.0 137.7 25.6 38.3 0.0 4.9
3.0 1.0 1.0 0.0 5.0 184.8 21.7 51.1 0.0 4.9
1.0 2.0 4.0 11.2 2.0 105.7 10.0 2.2 84.9 4.4
1.0 1.0 2.0 25.0 1.0 674.5 33.3 42.5 124.7 20.6
2.0 3.0 5.0 13.7 4.0 125.9 22.5 14.5 219.3 5.0
3.0 1.0 1.0 0.0 5.0 231.7 24.6 50.0 0.0 6.2
2.0 2.0 4.0 10.6 4.0 107.2 11.8 11.4 87.1 4.6
3.0 1.0 1.0 0.0 5.0 199.9 20.7 39.3 0.0 6.5
1.0 2.0 4.0 41.1 2.0 224.1 11.9 14.9 93.1 14.4
2.0 2.0 4.0 3.8 4.0 163.4 13.1 5.7 91.5 6.3
2.0 3.0 5.0 2.1 4.0 147.2 20.9 14.3 243.0 5.1
2.0 2.0 4.0 9.8 4.0 136.2 13.1 3.5 119.8 6.5
3.0 1.0 1.0 0.0 5.0 232.1 25.0 38.9 0.0 7.3
1.0 1.0 2.0 48.5 1.0 756.0 32.8 33.9 100.1 32.1
3.0 2.0 1.0 0.0 5.0 199.8 27.9 37.5 143.0 7.8
1.0 2.0 1.0 30.1 1.0 196.7 31.4 32.8 112.7 9.8
2.0 3.0 5.0 4.4 4.0 135.5 18.0 15.3 239.0 4.9
3.0 1.0 1.0 0.0 5.0 194.8 19.8 51.8 0.0 5.2
2.0 3.0 5.0 19.7 4.0 156.1 19.5 14.1 129.7 5.9
3.0 1.0 1.0 0.0 5.0 219.2 18.6 38.3 0.0 7.3
2.0 2.0 5.0 14.6 4.0 93.1 17.4 14.7 165.0 4.1
1.0 2.0 4.0 44.9 2.0 149.1 10.3 14.5 92.7 14.0
1.0 1.0 2.0 64.1 1.0 633.4 31.9 45.9 224.0 37.9
3.0 1.0 1.0 0.0 6.0 143.7 27.9 40.2 0.0 4.8
3.0 2.0 4.0 0.0 7.0 130.0 11.5 6.2 89.9 6.8
3.0 1.0 1.0 0.0 6.0 156.6 23.6 39.4 0.0 5.5
3.0 2.0 1.0 0.0 5.0 196.0 24.2 44.9 79.9 6.3
2.0 3.0 5.0 4.8 4.0 132.8 19.4 9.4 139.4 4.0
3.0 1.0 1.0 0.0 6.0 152.0 24.2 39.8 0.0 5.3
1.0 1.0 2.0 52.3 1.0 687.2 32.8 48.6 143.8 31.2
3.0 2.0 4.0 0.0 7.0 126.6 13.5 4.4 67.8 6.4
3.0 1.0 1.0 0.0 5.0 185.8 24.6 52.8 0.0 4.6
2.0 2.0 4.0 3.3 4.0 107.4 13.4 10.2 132.1 4.7
1.0 2.0 4.0 59.1 1.0 146.4 15.8 8.6 56.8 20.8
2.0 3.0 4.0 12.8 4.0 61.5 9.7 5.5 238.8 5.9
3.0 2.0 4.0 0.0 7.0 173.1 11.4 6.5 57.1 7.5
1.0 2.0 1.0 4.6 3.0 102.3 22.0 6.9 76.7 6.0
1.0 1.0 3.0 30.0 3.0 114.3 21.1 8.7 131.2 9.7
1.0 2.0 4.0 58.7 1.0 160.5 19.1 11.2 81.5 20.9
1.0 2.0 1.0 49.5 1.0 179.4 25.6 34.4 126.0 17.4
1.0 1.0 1.0 52.7 1.0 212.2 28.9 19.0 125.5 21.7
2.0 3.0 4.0 14.7 4.0 68.5 11.6 13.5 209.7 5.0
2.0 3.0 4.0 18.0 4.0 64.1 13.9 6.1 143.6 5.2
3.0 1.0 1.0 0.0 6.0 152.0 20.8 31.4 0.0 6.3
2.0 2.0 4.0 3.4 4.0 106.5 13.9 4.6 137.2 5.3
3.0 1.0 1.0 0.0 5.0 209.6 26.9 43.2 0.0 6.1
1.0 2.0 4.0 91.5 1.0 167.8 16.4 11.9 51.3 45.4
2.0 2.0 4.0 8.5 4.0 175.4 14.0 2.8 96.9 7.2
2.0 2.0 5.0 1.5 4.0 70.4 17.3 12.0 106.7 1.9
3.0 2.0 4.0 0.0 7.0 149.7 9.8 4.9 70.6 7.3
1.0 2.0 1.0 47.6 1.0 163.0 28.2 23.4 108.9 16.7
1.0 2.0 4.0 63.5 1.0 178.6 15.8 6.8 81.7 24.9
1.0 1.0 2.0 64.2 1.0 671.6 32.9 45.4 226.8 39.1
1.0 1.0 2.0 80.9 1.0 687.7 30.2 55.1 178.1 50.2
1.0 1.0 2.0 63.1 1.0 693.1 34.1 49.0 229.2 38.6
2.0 2.0 4.0 11.5 4.0 135.8 10.1 7.9 128.1 6.5
1.0 2.0 4.0 11.4 3.0 107.6 10.8 2.7 112.9 5.1
1.0 1.0 2.0 73.3 1.0 726.6 30.9 44.7 201.7 46.7
2.0 2.0 4.0 11.7 4.0 128.9 13.7 10.5 137.6 6.0
1.0 1.0 3.0 45.1 3.0 126.4 21.0 7.5 96.1 15.4
2.0 3.0 5.0 3.4 4.0 150.3 20.3 10.1 204.1 5.2
3.0 2.0 4.0 0.0 7.0 166.3 10.9 4.4 74.8 7.8
2.0 3.0 5.0 5.8 4.0 143.9 18.7 11.9 126.2 4.0
1.0 2.0 4.0 70.3 1.0 180.6 19.9 9.9 43.2 28.5
3.0 1.0 1.0 0.0 5.0 204.1 23.9 41.8 0.0 6.2
1.0 2.0 1.0 32.2 1.0 185.4 29.2 18.6 108.5 11.6
3.0 1.0 1.0 0.0 5.0 213.1 27.7 41.8 0.0 6.3
2.0 3.0 4.0 15.9 4.0 66.5 14.8 8.2 134.9 4.5
2.0 3.0 4.0 2.8 4.0 68.7 13.1 5.5 202.9 4.6
1.0 2.0 4.0 88.3 1.0 175.4 16.4 13.2 54.5 42.6
2.0 2.0 4.0 2.9 4.0 113.9 9.4 9.6 141.9 5.3
3.0 1.0 1.0 0.0 6.0 153.3 20.5 38.2 0.0 5.6
3.0 2.0 6.0 0.0 5.0 231.5 24.9 25.8 139.6 5.0
1.0 1.0 1.0 19.8 2.0 216.8 23.4 27.3 151.8 10.0
1.0 1.0 1.0 66.9 1.0 199.4 32.9 20.5 137.8 29.7
2.0 2.0 4.0 12.3 4.0 144.6 9.4 13.8 104.9 6.0
2.0 3.0 4.0 6.2 4.0 64.0 12.4 9.0 234.7 4.8
2.0 2.0 4.0 19.2 4.0 116.5 10.7 14.2 97.2 6.0
3.0 1.0 1.0 0.0 6.0 148.1 21.8 25.1 0.0 6.7
3.0 1.0 1.0 0.0 6.0 138.8 25.3 35.9 0.0 5.2
3.0 1.0 1.0 0.0 6.0 159.9 20.9 34.4 0.0 6.2
3.0 2.0 6.0 0.0 5.0 203.5 25.7 32.6 103.1 3.0
1.0 1.0 2.0 98.0 1.0 683.2 31.5 49.5 140.8 65.3
3.0 1.0 1.0 0.0 6.0 173.1 23.1 38.7 0.0 6.0
1.0 2.0 1.0 22.2 1.0 173.4 25.8 26.1 131.9 8.3
1.0 2.0 4.0 32.9 2.0 214.1 12.3 6.3 129.0 12.4
2.0 2.0 4.0 4.8 4.0 113.4 13.1 13.5 97.6 4.2
1.0 1.0 2.0 67.0 1.0 706.5 33.9 44.9 130.9 40.6
2.0 2.0 5.0 5.9 4.0 70.9 19.1 14.1 194.9 3.0
1.0 2.0 4.0 18.1 3.0 100.7 10.8 2.8 84.4 5.5
1.0 2.0 1.0 4.2 1.0 193.4 27.5 28.6 119.6 6.0
2.0 2.0 5.0 8.2 4.0 80.8 17.6 9.0 160.6 3.5
1.0 2.0 1.0 4.0 2.0 166.2 23.2 29.2 141.4 6.0
3.0 1.0 1.0 0.0 5.0 182.9 22.0 41.4 0.0 5.8
3.0 2.0 6.0 0.0 5.0 192.6 24.6 30.4 75.3 2.6
1.0 2.0 4.0 39.8 2.0 190.7 8.9 16.6 140.4 13.5
3.0 2.0 6.0 0.0 5.0 235.1 24.2 37.2 108.1 3.6
3.0 1.0 1.0 0.0 6.0 130.8 23.2 31.9 0.0 5.5
3.0 2.0 6.0 0.0 5.0 235.4 25.8 34.5 96.7 3.6
1.0 1.0 3.0 36.5 3.0 123.6 21.9 8.7 110.7 11.8
2.0 3.0 4.0 5.5 4.0 60.6 12.5 5.0 178.1 4.3
3.0 2.0 6.0 0.0 5.0 194.9 28.4 21.6 142.1 4.2
1.0 1.0 2.0 73.2 1.0 685.6 31.2 47.0 178.4 44.9
1.0 2.0 1.0 11.5 3.0 107.1 25.2 9.3 103.6 6.6
2.0 3.0 5.0 11.7 4.0 144.0 23.3 16.6 225.9 5.1
1.0 1.0 1.0 42.0 1.0 190.3 25.2 17.0 136.2 16.5
1.0 1.0 3.0 5.1 2.0 120.4 22.0 20.7 149.1 4.2
1.0 1.0 2.0 89.5 1.0 727.4 34.9 52.5 234.7 59.4
1.0 1.0 1.0 38.5 1.0 238.4 26.1 25.1 118.5 15.4
3.0 2.0 4.0 0.0 7.0 127.9 10.8 7.0 56.2 6.2
3.0 2.0 4.0 0.0 7.0 166.5 8.6 3.6 86.9 8.2
2.0 2.0 4.0 15.5 4.0 176.9 9.3 12.1 103.4 7.5
2.0 3.0 4.0 5.4 4.0 50.2 10.1 13.0 168.3 3.2
2.0 3.0 4.0 9.0 4.0 62.3 11.1 13.0 140.9 3.3
3.0 1.0 1.0 0.0 5.0 209.9 20.3 34.5 0.0 7.3
1.0 2.0 4.0 28.0 2.0 153.3 10.0 18.0 139.2 8.2
1.0 2.0 1.0 6.3 3.0 97.1 24.0 9.3 82.7 5.6
2.0 2.0 4.0 12.9 4.0 122.1 10.9 11.6 131.1 5.9
1.0 1.0 3.0 40.8 3.0 114.4 21.9 10.1 97.9 12.9
2.0 2.0 5.0 17.6 4.0 71.1 19.1 14.6 191.2 4.2
3.0 1.0 1.0 0.0 6.0 157.7 23.6 40.4 0.0 5.4
2.0 2.0 5.0 10.4 4.0 99.4 13.9 18.0 109.0 2.9
1.0 2.0 4.0 31.5 2.0 210.5 8.7 13.5 124.8 11.2
1.0 2.0 1.0 30.5 1.0 152.3 29.9 32.7 93.8 8.5
2.0 3.0 5.0 1.2 4.0 130.9 20.4 11.3 187.3 4.2
1.0 2.0 1.0 11.9 1.0 169.7 25.8 36.4 146.5 5.6
1.0 2.0 1.0 41.7 1.0 152.4 28.6 38.6 89.0 12.0
1.0 1.0 3.0 23.0 3.0 125.3 21.7 8.0 80.8 7.5
3.0 1.0 1.0 0.0 5.0 188.8 25.4 34.6 0.0 6.4
2.0 2.0 4.0 15.0 4.0 168.9 10.8 9.9 86.1 7.1
1.0 2.0 4.0 31.9 2.0 179.7 14.2 7.0 100.7 10.5
2.0 3.0 5.0 13.5 4.0 143.8 21.3 8.8 236.5 6.4
1.0 2.0 4.0 78.9 1.0 178.4 17.9 8.7 47.7 35.1
2.0 3.0 5.0 5.2 4.0 146.3 19.0 9.5 169.0 4.8
2.0 3.0 5.0 6.7 4.0 141.2 17.7 13.3 230.9 5.3
2.0 3.0 5.0 2.9 4.0 129.0 19.1 15.0 134.8 3.2
2.0 3.0 5.0 3.7 4.0 156.9 16.0 10.2 179.1 5.3
1.0 1.0 1.0 39.8 1.0 238.6 27.9 23.6 164.9 16.6
2.0 2.0 4.0 15.0 4.0 127.7 13.4 3.6 94.7 6.5
2.0 3.0 5.0 10.4 4.0 153.5 21.0 15.1 174.4 4.8
3.0 1.0 1.0 0.0 6.0 175.7 24.6 34.4 0.0 6.4
3.0 1.0 1.0 0.0 5.0 221.9 19.7 51.2 0.0 6.0
2.0 3.0 4.0 7.2 4.0 66.9 13.1 6.5 158.5 4.1
3.0 1.0 1.0 0.0 5.0 205.8 26.9 43.0 0.0 6.0
3.0 2.0 6.0 0.0 5.0 207.1 28.3 28.3 118.4 3.6
1.0 1.0 3.0 34.0 3.0 116.4 21.8 9.4 109.1 10.6
1.0 1.0 1.0 46.8 1.0 204.8 24.6 27.0 130.5 18.0
1.0 1.0 1.0 11.7 2.0 220.1 24.7 21.1 212.3 10.2
3.0 1.0 1.0 0.0 5.0 200.2 19.4 47.7 0.0 5.7
3.0 1.0 1.0 0.0 6.0 130.1 20.8 32.4 0.0 5.5
2.0 2.0 5.0 9.7 4.0 96.7 14.7 11.0 139.7 3.8
1.0 1.0 3.0 38.0 3.0 116.5 21.2 7.7 144.2 12.7
3.0 1.0 1.0 0.0 5.0 212.4 18.1 52.2 0.0 5.7
3.0 2.0 6.0 0.0 5.0 209.8 27.4 27.8 79.4 3.3
1.0 1.0 2.0 99.7 1.0 694.6 31.1 44.5 184.9 68.4
1.0 1.0 2.0 42.1 1.0 673.9 34.5 38.7 134.7 26.8
1.0 2.0 4.0 79.0 1.0 154.8 17.8 10.4 81.3 34.8
2.0 2.0 4.0 12.5 4.0 121.2 10.5 5.9 122.4 6.3
3.0 2.0 6.0 0.0 5.0 206.7 28.6 36.8 91.1 2.4
3.0 1.0 1.0 0.0 5.0 180.2 22.4 43.1 0.0 5.5
2.0 2.0 5.0 8.1 4.0 80.4 19.4 15.5 119.6 2.2
1.0 2.0 1.0 13.2 3.0 126.0 24.2 5.0 143.9 8.4
1.0 1.0 1.0 13.0 3.0 205.8 24.2 6.8 169.8 11.2
3.0 1.0 1.0 0.0 6.0 158.7 26.4 39.5 0.0 5.4
1.0 2.0 4.0 90.7 1.0 162.9 16.1 10.6 51.4 44.6
2.0 2.0 4.0 8.4 4.0 124.8 11.3 6.5 88.1 5.4
3.0 1.0 1.0 0.0 6.0 135.5 27.4 37.8 0.0 4.8
1.0 1.0 2.0 81.4 1.0 721.6 33.8 53.6 126.6 50.8
3.0 2.0 6.0 0.0 5.0 216.9 24.6 31.3 143.2 4.1
2.0 3.0 5.0 2.3 4.0 131.6 18.6 16.1 186.8 3.9
1.0 2.0 4.0 92.3 1.0 150.0 20.1 11.1 45.7 45.4
1.0 2.0 4.0 17.1 3.0 104.2 10.1 1.8 108.9 5.9
1.0 2.0 1.0 29.7 1.0 178.0 28.2 27.8 82.0 9.4
1.0 2.0 1.0 17.3 2.0 163.4 22.1 36.5 140.2 6.6
1.0 2.0 1.0 2.9 1.0 186.2 29.4 18.2 146.0 7.1
3.0 2.0 6.0 0.0 5.0 213.9 25.3 29.0 79.7 3.4
2.0 2.0 5.0 9.7 4.0 72.8 18.6 12.0 121.2 2.6
3.0 2.0 6.0 0.0 5.0 203.1 27.8 35.2 119.3 2.9
2.0 3.0 5.0 8.5 4.0 150.6 20.6 13.1 218.4 5.4
1.0 1.0 3.0 35.8 3.0 131.4 21.8 10.9 112.6 11.6
3.0 2.0 1.0 0.0 5.0 239.5 28.6 31.2 99.9 9.0
3.0 1.0 1.0 0.0 5.0 196.7 20.8 45.5 0.0 5.8
1.0 2.0 4.0 47.8 2.0 232.8 10.7 17.0 99.8 17.5
2.0 2.0 5.0 7.3 4.0 76.9 17.2 15.9 121.1 2.2
3.0 1.0 1.0 0.0 6.0 167.3 20.3 36.6 0.0 6.2
2.0 3.0 5.0 15.7 4.0 129.0 20.4 13.6 198.4 5.3
3.0 1.0 1.0 0.0 6.0 157.3 23.7 36.4 0.0 5.8
3.0 1.0 1.0 0.0 5.0 196.4 20.4 36.7 0.0 6.7
3.0 1.0 1.0 0.0 5.0 238.0 25.6 42.3 0.0 7.1
2.0 3.0 5.0 17.2 4.0 139.2 16.3 14.6 184.7 5.8
2.0 2.0 5.0 4.7 4.0 87.2 13.8 16.9 111.8 2.2
3.0 2.0 1.0 0.0 5.0 191.3 26.4 33.5 88.5 7.3
2.0 2.0 5.0 17.4 4.0 72.9 19.2 17.6 194.5 4.0
2.0 2.0 4.0 5.0 4.0 109.4 13.1 9.4 84.0 4.3
3.0 1.0 1.0 0.0 5.0 209.6 24.8 37.2 0.0 6.8
2.0 3.0 5.0 13.3 4.0 141.7 16.7 12.6 125.6 4.6
3.0 1.0 1.0 0.0 6.0 157.8 25.3 38.6 0.0 5.5
2.0 2.0 4.0 5.7 4.0 139.3 13.8 10.0 106.9 5.4
3.0 1.0 1.0 0.0 6.0 141.7 27.0 38.1 0.0 5.0
3.0 2.0 4.0 0.0 7.0 114.5 11.5 3.7 76.7 6.4
2.0 2.0 5.0 5.2 4.0 76.1 17.5 8.6 132.8 2.9
2.0 3.0 4.0 11.9 4.0 53.5 13.5 12.7 246.8 4.7
2.0 2.0 4.0 4.5 4.0 139.8 13.4 4.5 95.6 5.8
1.0 2.0 1.0 36.4 1.0 197.6 26.7 19.9 134.1 13.8
2.0 2.0 4.0 3.6 4.0 175.8 13.4 12.9 115.9 6.2
1.0 1.0 3.0 31.8 3.0 117.8 21.8 7.7 153.5 10.7
3.0 2.0 1.0 0.0 5.0 193.9 27.5 38.5 141.3 7.6
2.0 3.0 4.0 9.5 4.0 59.5 14.0 14.3 245.3 4.4
3.0 1.0 1.0 0.0 5.0 198.2 25.4 50.5 0.0 5.1
1.0 2.0 1.0 14.6 1.0 165.9 27.9 35.4 97.3 5.2
3.0 2.0 1.0 0.0 5.0 210.0 28.9 28.2 116.4 8.7
1.0 2.0 1.0 48.1 1.0 166.0 29.4 18.4 80.1 17.1
2.0 2.0 5.0 17.5 4.0 100.2 18.2 13.2 160.2 4.8
1.0 2.0 4.0 84.4 1.0 147.0 20.1 8.6 65.7 38.9
2.0 3.0 5.0 10.9 4.0 128.9 16.6 12.8 249.1 5.6
2.0 2.0 5.0 17.5 4.0 89.9 14.1 15.6 180.6 4.8
2.0 2.0 5.0 18.8 4.0 73.0 15.1 12.6 168.5 4.6
1.0 2.0 4.0 69.3 1.0 181.3 15.6 9.8 77.3 28.5
2.0 3.0 5.0 5.3 4.0 157.9 21.5 9.9 173.6 5.0
3.0 2.0 1.0 0.0 5.0 233.7 24.4 46.1 134.7 8.0
3.0 1.0 1.0 0.0 6.0 161.3 22.3 27.7 0.0 6.8
3.0 2.0 1.0 0.0 5.0 229.7 26.8 33.2 89.9 8.5
3.0 2.0 4.0 0.0 7.0 111.3 8.2 3.5 60.8 6.3
1.0 1.0 2.0 33.1 1.0 762.6 34.9 34.2 126.6 26.2
3.0 2.0 6.0 0.0 5.0 213.9 28.3 35.7 82.5 2.6
1.0 1.0 3.0 17.5 2.0 138.3 21.7 17.0 100.9 5.8
2.0 2.0 5.0 15.9 4.0 79.2 16.6 14.0 129.5 3.6
3.0 1.0 1.0 0.0 5.0 220.4 22.2 37.4 0.0 7.2
3.0 1.0 1.0 0.0 6.0 157.4 28.0 25.6 0.0 6.6
1.0 1.0 3.0 40.5 3.0 114.9 21.1 10.3 152.7 13.5
1.0 2.0 4.0 57.7 1.0 181.2 16.8 8.7 61.5 21.0
2.0 3.0 5.0 1.6 4.0 129.4 18.3 9.5 213.8 4.8
1.0 2.0 4.0 2.4 3.0 98.8 10.7 2.8 80.1 3.8
1.0 2.0 4.0 88.0 1.0 147.4 19.8 9.3 57.2 41.8
2.0 2.0 4.0 11.3 4.0 121.5 9.6 13.5 80.6 4.9
2.0 3.0 4.0 13.7 4.0 65.2 14.0 10.0 240.7 5.4
2.0 2.0 4.0 8.3 4.0 128.2 13.7 3.3 84.4 5.7
1.0 2.0 1.0 19.6 2.0 193.1 24.1 33.5 91.5 7.5
2.0 2.0 5.0 6.7 4.0 75.1 16.6 15.5 162.0 2.7
2.0 2.0 4.0 3.0 4.0 152.1 10.5 12.2 144.4 6.1
2.0 2.0 5.0 13.7 4.0 97.2 15.9 9.6 158.7 4.6
1.0 2.0 4.0 29.8 2.0 190.3 14.8 11.2 138.0 10.2
2.0 3.0 4.0 1.3 4.0 57.5 11.6 13.2 146.9 2.8
3.0 1.0 1.0 0.0 5.0 211.8 24.9 49.3 0.0 5.6
3.0 1.0 1.0 0.0 5.0 237.3 26.1 34.5 0.0 7.8
1.0 2.0 4.0 58.1 1.0 168.5 19.8 6.4 54.1 20.8
2.0 3.0 5.0 6.5 4.0 154.9 17.2 12.9 227.7 5.7
1.0 1.0 3.0 40.2 3.0 120.6 21.4 7.7 113.9 13.3
2.0 2.0 5.0 18.1 4.0 82.6 19.2 12.0 163.9 4.6
2.0 2.0 4.0 19.8 4.0 180.0 10.6 10.3 111.4 8.6
2.0 2.0 5.0 17.2 4.0 103.8 18.2 8.4 141.1 5.1
2.0 2.0 5.0 10.6 4.0 98.8 13.6 8.2 129.2 4.1
1.0 1.0 3.0 11.4 2.0 123.9 21.9 19.5 103.2 4.3
3.0 1.0 1.0 0.0 6.0 178.9 20.3 40.9 0.0 6.1
2.0 2.0 4.0 12.5 4.0 159.9 12.0 3.8 100.0 7.2
3.0 1.0 1.0 0.0 5.0 183.8 19.0 49.1 0.0 5.2
2.0 2.0 4.0 14.8 4.0 117.2 9.2 10.3 80.6 5.6
2.0 3.0 4.0 7.4 4.0 51.4 14.3 9.4 158.4 3.3
3.0 1.0 1.0 0.0 6.0 177.3 25.5 39.4 0.0 6.0
2.0 3.0 5.0 4.9 4.0 145.2 22.6 8.8 156.6 4.5
2.0 3.0 5.0 19.5 4.0 132.2 17.3 13.8 198.0 6.2
3.0 2.0 4.0 0.0 7.0 148.7 8.8 5.8 84.2 7.4
2.0 2.0 4.0 12.3 4.0 121.0 11.2 7.4 87.0 5.6
1.0 1.0 1.0 58.7 1.0 197.8 34.2 18.9 180.7 25.1
3.0 1.0 1.0 0.0 5.0 213.5 20.4 38.9 0.0 7.0
1.0 2.0 1.0 15.5 1.0 180.0 29.5 18.3 93.6 7.3
1.0 1.0 2.0 51.9 1.0 651.3 34.6 50.0 217.6 30.7
1.0 2.0 1.0 32.8 1.0 168.1 30.7 31.7 145.4 10.4
2.0 2.0 5.0 19.1 4.0 99.1 16.2 13.4 199.8 5.7
2.0 3.0 5.0 18.1 4.0 146.9 22.4 12.0 186.0 6.1
2.0 2.0 4.0 18.9 4.0 133.1 13.1 4.9 140.9 7.9
1.0 1.0 1.0 46.6 1.0 211.5 27.4 16.8 185.5 19.8
2.0 3.0 4.0 18.9 4.0 64.8 13.8 12.5 147.3 4.8
1.0 1.0 3.0 14.9 2.0 136.1 21.3 17.8 143.8 5.8
3.0 2.0 6.0 0.0 5.0 200.1 28.4 32.5 93.3 2.7
1.0 2.0 4.0 50.8 1.0 154.7 16.3 9.4 79.5 16.7
3.0 2.0 1.0 0.0 5.0 229.7 26.4 29.2 120.2 9.3
2.0 3.0 5.0 14.5 4.0 140.0 18.2 13.0 135.0 4.8
2.0 2.0 4.0 13.6 4.0 128.4 11.6 3.7 139.4 7.0
3.0 2.0 6.0 0.0 5.0 211.0 25.5 33.7 120.0 3.4
3.0 1.0 1.0 0.0 6.0 131.9 24.0 37.0 0.0 5.0
3.0 2.0 6.0 0.0 5.0 209.6 28.0 33.8 102.3 2.9
2.0 2.0 4.0 19.2 4.0 115.0 10.3 12.7 87.0 6.0
1.0 2.0 1.0 26.6 1.0 165.5 29.6 35.8 84.9 7.4
2.0 2.0 4.0 2.9 4.0 109.8 11.9 11.6 147.3 4.9
3.0 2.0 4.0 0.0 7.0 153.6 7.8 7.7 84.6 7.4
3.0 2.0 4.0 0.0 7.0 114.8 8.6 4.3 50.9 6.1
1.0 1.0 2.0 86.0 1.0 728.7 32.2 54.8 161.9 55.3
2.0 3.0 5.0 5.0 4.0 146.8 21.6 14.0 210.1 4.8
3.0 2.0 4.0 0.0 7.0 168.4 11.7 7.0 72.4 7.5
3.0 1.0 1.0 0.0 6.0 171.9 24.0 33.4 0.0 6.5
1.0 2.0 4.0 50.3 1.0 147.5 17.6 10.5 45.4 15.6
1.0 1.0 1.0 94.1 1.0 230.5 32.1 15.2 108.2 52.6
1.0 1.0 3.0 14.1 2.0 127.2 21.0 16.3 152.8 5.8
2.0 2.0 5.0 3.3 4.0 97.2 18.6 9.0 166.5 3.8
2.0 2.0 4.0 19.2 4.0 175.3 12.0 14.4 139.2 8.2
3.0 1.0 1.0 0.0 6.0 160.0 24.3 37.4 0.0 5.7
3.0 2.0 4.0 0.0 7.0 140.6 8.9 5.0 80.3 7.2
3.0 1.0 1.0 0.0 6.0 146.1 23.0 39.9 0.0 5.1
1.0 2.0 1.0 18.2 1.0 179.8 25.8 35.7 126.7 6.7
2.0 2.0 4.0 19.7 4.0 110.1 10.4 4.5 127.6 7.4
3.0 2.0 1.0 0.0 5.0 191.7 28.4 31.0 85.7 7.5
2.0 2.0 4.0 8.4 4.0 148.0 13.8 6.1 116.5 6.4
3.0 1.0 1.0 0.0 5.0 208.1 24.7 35.9 0.0 6.9
1.0 1.0 1.0 42.8 1.0 238.5 24.8 11.9 155.6 19.1
3.0 1.0 1.0 0.0 5.0 220.3 24.7 49.7 0.0 5.9
1.0 2.0 4.0 45.2 2.0 202.9 8.9 15.4 104.6 15.8
3.0 2.0 1.0 0.0 5.0 201.5 27.0 31.6 105.8 8.0
1.0 2.0 1.0 8.7 2.0 149.7 24.6 38.2 95.8 4.2
2.0 2.0 4.0 15.9 4.0 153.7 11.8 10.5 110.3 7.0
1.0 2.0 1.0 43.0 1.0 179.5 26.4 24.6 141.8 15.5
2.0 2.0 4.0 6.3 4.0 183.0 13.7 12.9 135.3 6.8
2.0 2.0 5.0 8.6 4.0 98.2 19.2 9.4 112.3 3.3
3.0 2.0 1.0 0.0 5.0 191.0 25.4 27.7 115.7 8.3
1.0 1.0 3.0 18.0 2.0 128.5 21.5 20.0 173.2 6.3
2.0 3.0 5.0 17.0 4.0 139.6 22.9 10.7 171.4 5.6
1.0 2.0 1.0 10.5 1.0 174.8 25.9 23.0 133.2 6.8
2.0 3.0 4.0 18.2 4.0 51.1 10.7 10.4 235.6 5.8
3.0 2.0 6.0 0.0 5.0 211.8 25.9 23.5 148.3 4.8
2.0 2.0 4.0 6.0 4.0 112.5 12.3 9.2 122.5 5.0
2.0 3.0 5.0 3.3 4.0 130.3 21.6 14.1 149.6 3.4
2.0 3.0 5.0 13.8 4.0 129.7 23.0 11.2 199.4 5.2
1.0 2.0 4.0 61.1 1.0 182.8 17.5 8.4 75.6 23.2
1.0 1.0 2.0 51.7 1.0 670.4 30.3 54.9 188.3 30.5
2.0 2.0 4.0 5.8 4.0 158.4 11.9 3.7 121.0 6.9
2.0 3.0 5.0 16.6 4.0 137.8 15.6 17.4 181.2 5.3
2.0 2.0 5.0 19.8 4.0 90.0 19.0 8.8 148.3 5.2
2.0 3.0 5.0 19.5 4.0 148.3 20.6 8.5 200.2 7.1
1.0 2.0 1.0 31.2 1.0 180.8 28.3 31.6 82.8 9.6
3.0 2.0 1.0 0.0 5.0 194.3 26.2 38.3 79.2 6.8
2.0 3.0 4.0 18.4 4.0 64.9 9.4 9.9 205.6 6.0
1.0 1.0 1.0 96.8 1.0 226.8 34.1 21.7 132.8 54.7
1.0 1.0 3.0 38.3 3.0 132.3 21.1 7.8 99.7 12.7
2.0 2.0 5.0 4.9 4.0 90.2 17.5 17.6 135.4 2.4
2.0 3.0 4.0 7.6 4.0 56.3 9.7 6.9 153.2 3.9
1.0 2.0 4.0 72.4 1.0 183.0 17.4 6.7 45.9 30.5
3.0 1.0 1.0 0.0 5.0 180.9 20.5 51.4 0.0 4.8
1.0 1.0 3.0 40.8 3.0 128.4 21.6 7.6 138.6 14.1
2.0 2.0 4.0 6.3 4.0 170.2 14.2 6.9 127.1 6.9
2.0 3.0 5.0 19.5 4.0 150.7 19.3 14.8 171.2 6.2
2.0 2.0 5.0 9.1 4.0 79.7 16.5 10.8 141.0 3.2
2.0 3.0 5.0 19.3 4.0 146.7 18.1 9.4 231.4 7.4
1.0 1.0 2.0 97.6 1.0 721.6 33.6 44.6 177.3 66.9
1.0 2.0 1.0 39.4 1.0 167.0 28.4 34.5 95.1 12.0
2.0 2.0 5.0 3.0 4.0 79.1 16.0 14.4 182.3 3.0
3.0 2.0 6.0 0.0 5.0 217.8 26.8 19.6 110.5 4.8
3.0 1.0 1.0 0.0 6.0 141.0 26.5 27.5 0.0 6.1
3.0 1.0 1.0 0.0 6.0 168.5 22.3 38.4 0.0 6.0
2.0 3.0 5.0 19.9 4.0 145.6 18.5 13.8 185.4 6.4
2.0 2.0 5.0 18.8 4.0 94.4 18.0 11.1 114.2 4.5
2.0 3.0 5.0 14.8 4.0 155.1 18.0 13.5 180.3 5.8
3.0 1.0 1.0 0.0 6.0 163.8 21.7 33.8 0.0 6.3
3.0 2.0 1.0 0.0 5.0 203.7 25.0 26.8 98.4 8.6
3.0 2.0 4.0 0.0 7.0 129.0 13.3 6.6 48.0 6.0
3.0 2.0 1.0 0.0 5.0 230.3 27.2 34.0 144.1 9.1
1.0 2.0 1.0 32.4 1.0 179.8 31.3 37.7 94.7 9.3
3.0 1.0 1.0 0.0 6.0 164.0 26.3 25.8 0.0 6.9
3.0 2.0 1.0 0.0 5.0 223.6 27.9 31.4 124.1 8.9
1.0 1.0 2.0 31.9 1.0 662.1 32.1 36.0 84.0 22.4
1.0 1.0 3.0 20.3 3.0 123.6 21.9 9.6 77.6 6.7
2.0 2.0 5.0 20.0 4.0 98.0 15.9 8.1 144.7 5.7
1.0 1.0 3.0 31.4 3.0 122.5 21.4 8.8 113.3 10.1
3.0 1.0 1.0 0.0 6.0 143.0 21.7 35.6 0.0 5.5
2.0 3.0 4.0 1.2 4.0 55.0 10.5 6.3 180.3 4.0
3.0 1.0 1.0 0.0 6.0 156.2 25.1 33.5 0.0 6.0
3.0 1.0 1.0 0.0 5.0 231.3 23.9 38.1 0.0 7.4
1.0 2.0 4.0 44.5 2.0 158.7 12.3 18.2 125.0 14.0
1.0 1.0 1.0 84.8 1.0 207.3 32.9 23.5 178.7 43.7
2.0 3.0 4.0 14.6 4.0 60.6 13.0 11.6 222.8 5.1
1.0 2.0 1.0 26.0 1.0 187.0 31.0 20.4 132.7 9.9
1.0 2.0 4.0 15.9 2.0 101.1 10.5 3.7 99.5 5.0
1.0 2.0 4.0 13.6 3.0 109.5 10.9 2.2 85.2 5.1
2.0 2.0 5.0 6.3 4.0 99.7 16.9 10.1 131.3 3.5
1.0 1.0 2.0 66.5 1.0 700.2 34.2 50.1 192.8 40.4
2.0 3.0 5.0 17.8 4.0 149.9 22.4 12.3 133.7 5.4
3.0 1.0 1.0 0.0 6.0 148.2 27.7 40.1 0.0 4.9
2.0 2.0 4.0 4.1 4.0 174.4 13.2 8.3 111.8 6.6
1.0 1.0 1.0 75.6 1.0 225.1 34.4 14.3 141.8 37.2
3.0 1.0 1.0 0.0 6.0 151.0 21.1 27.9 0.0 6.6
1.0 1.0 1.0 77.0 1.0 225.3 29.4 24.1 144.4 37.6
2.0 3.0 4.0 15.0 4.0 60.0 9.5 8.6 190.5 5.2
2.0 2.0 4.0 17.1 4.0 147.0 10.2 10.4 138.6 7.5
2.0 3.0 4.0 15.4 4.0 66.6 12.1 4.8 210.3 5.9
1.0 1.0 1.0 75.7 1.0 241.5 31.3 18.3 109.5 37.1
1.0 2.0 1.0 49.3 1.0 178.2 29.9 25.8 143.4 18.1
1.0 1.0 1.0 12.1 3.0 180.8 22.1 6.2 216.0 11.2
2.0 2.0 4.0 15.1 4.0 120.8 12.5 8.5 110.2 6.1
1.0 1.0 3.0 44.9 3.0 132.2 21.9 9.4 89.6 15.1
1.0 2.0 1.0 28.8 1.0 165.1 26.0 40.3 80.8 7.6
3.0 1.0 1.0 0.0 6.0 149.4 22.5 38.7 0.0 5.4
3.0 1.0 1.0 0.0 6.0 158.1 23.6 37.8 0.0 5.7
1.0 2.0 4.0 35.9 2.0 203.1 12.9 14.6 78.7 11.6
3.0 1.0 1.0 0.0 6.0 133.0 22.3 30.0 0.0 5.8
1.0 1.0 3.0 48.6 3.0 132.3 21.3 10.6 123.5 17.2
3.0 1.0 1.0 0.0 6.0 173.9 26.9 32.8 0.0 6.4
1.0 1.0 1.0 86.9 1.0 224.5 34.5 19.2 199.0 46.6
2.0 2.0 4.0 17.2 4.0 120.5 12.2 12.3 124.6 6.3
3.0 1.0 1.0 0.0 6.0 170.5 27.2 37.1 0.0 5.9
1.0 2.0 4.0 37.8 2.0 235.6 10.3 6.8 126.9 14.7
3.0 1.0 1.0 0.0 5.0 210.7 24.2 34.7 0.0 7.1
2.0 2.0 5.0 10.8 4.0 100.3 13.7 17.8 153.0 3.6
1.0 2.0 1.0 45.8 1.0 176.2 30.6 17.0 130.1 17.1
2.0 3.0 4.0 7.1 4.0 56.6 10.5 10.7 136.2 3.2
2.0 2.0 5.0 10.6 4.0 74.2 19.4 17.7 170.6 2.7
3.0 2.0 1.0 0.0 5.0 214.3 27.2 43.4 114.9 7.3
3.0 2.0 6.0 0.0 5.0 202.1 25.0 26.3 86.1 3.4
3.0 2.0 6.0 0.0 5.0 191.5 26.4 28.3 115.2 3.2
3.0 2.0 4.0 0.0 7.0 137.0 11.6 7.2 52.7 6.4
2.0 3.0 4.0 14.4 4.0 65.3 9.6 11.5 160.5 4.5
2.0 2.0 4.0 12.1 4.0 170.0 14.0 10.0 141.1 7.3
1.0 1.0 3.0 44.1 3.0 117.9 21.2 7.0 129.8 15.2
3.0 1.0 1.0 0.0 6.0 173.6 21.3 30.1 0.0 7.0
2.0 3.0 5.0 13.4 4.0 154.2 19.5 12.6 194.2 5.8
2.0 2.0 4.0 4.3 4.0 178.9 9.4 4.2 126.9 7.5
3.0 2.0 4.0 0.0 7.0 127.3 7.0 4.9 53.4 6.5
3.0 2.0 4.0 0.0 7.0 148.0 12.2 6.9 74.6 7.0
1.0 1.0 2.0 71.3 1.0 723.2 31.4 50.8 235.0 45.0
1.0 2.0 1.0 11.4 2.0 141.9 25.8 31.7 139.2 5.5
1.0 2.0 1.0 43.6 1.0 199.3 28.4 35.0 118.4 14.9
1.0 2.0 4.0 64.0 1.0 164.5 18.1 7.6 83.0 24.7
1.0 1.0 2.0 98.1 1.0 678.0 30.4 47.3 155.7 65.7
3.0 1.0 1.0 0.0 5.0 208.1 24.6 45.5 0.0 5.9
2.0 3.0 5.0 6.4 4.0 151.0 18.9 15.0 178.4 4.6
1.0 1.0 3.0 44.6 3.0 120.1 22.0 10.4 116.3 14.9
3.0 2.0 1.0 0.0 5.0 209.6 27.4 27.2 131.0 9.0
3.0 1.0 1.0 0.0 6.0 164.4 25.3 32.5 0.0 6.3
2.0 2.0 4.0 2.1 4.0 116.6 11.3 7.8 127.0 5.2
1.0 2.0 4.0 49.4 2.0 211.3 11.3 12.1 140.5 18.7
3.0 2.0 4.0 0.0 7.0 140.9 9.0 4.1 86.5 7.4
2.0 3.0 5.0 19.9 4.0 139.5 21.5 16.9 138.3 5.2
1.0 1.0 3.0 42.6 3.0 118.5 22.0 10.9 141.7 14.3
3.0 2.0 1.0 0.0 5.0 223.5 24.4 44.8 110.0 7.5
2.0 2.0 4.0 9.2 4.0 124.8 11.2 11.4 98.5 5.1
2.0 2.0 5.0 15.7 4.0 86.9 15.7 17.0 100.3 3.1
2.0 2.0 4.0 15.6 4.0 131.3 9.3 6.1 96.9 6.7
2.0 3.0 5.0 15.9 4.0 141.5 19.4 15.8 178.5 5.3
2.0 3.0 5.0 11.4 4.0 134.0 18.6 13.2 194.9 5.0
3.0 1.0 1.0 0.0 5.0 204.5 22.4 42.6 0.0 6.2
2.0 3.0 5.0 1.9 4.0 159.8 22.2 10.1 223.6 5.6
3.0 2.0 1.0 0.0 5.0 197.6 25.6 38.0 106.8 7.4
2.0 3.0 4.0 4.1 4.0 57.8 13.4 10.0 234.5 4.3
1.0 2.0 1.0 35.4 1.0 179.7 28.3 23.1 125.1 12.4
2.0 3.0 4.0 11.0 4.0 54.9 13.1 12.3 190.4 4.0
2.0 2.0 4.0 8.8 4.0 161.5 11.1 8.8 106.5 6.5
2.0 2.0 4.0 19.2 4.0 122.0 11.6 4.5 149.7 7.8
1.0 1.0 3.0 2.7 2.0 135.5 22.4 22.0 100.2 3.7
3.0 2.0 1.0 0.0 5.0 226.3 29.0 43.5 84.7 7.2
3.0 2.0 1.0 0.0 5.0 197.5 24.7 27.9 105.7 8.4
1.0 1.0 1.0 16.3 2.0 213.2 29.0 25.3 201.1 9.9
1.0 2.0 4.0 83.7 1.0 148.8 15.2 10.0 57.7 38.3
2.0 2.0 4.0 7.1 4.0 179.0 9.0 8.1 140.5 7.5
1.0 1.0 2.0 61.6 1.0 646.0 31.6 49.0 173.5 35.7
1.0 2.0 1.0 27.4 1.0 155.5 28.6 36.8 102.6 7.5
3.0 2.0 4.0 0.0 7.0 130.9 8.7 5.7 62.4 6.6
3.0 2.0 6.0 0.0 5.0 233.7 27.2 29.9 80.0 3.8
3.0 2.0 1.0 0.0 5.0 234.6 27.6 45.4 138.3 8.0
3.0 1.0 1.0 0.0 6.0 132.1 23.5 38.2 0.0 4.9
1.0 2.0 1.0 16.1 3.0 116.7 25.4 5.5 141.2 8.4
3.0 1.0 1.0 0.0 6.0 132.9 22.3 31.6 0.0 5.6
3.0 2.0 1.0 0.0 5.0 196.4 25.0 31.8 108.5 8.0
2.0 3.0 5.0 7.3 4.0 156.1 22.8 17.0 194.9 4.6
1.0 1.0 1.0 96.5 1.0 233.8 30.5 22.5 110.0 54.4
3.0 1.0 1.0 0.0 6.0 173.8 25.7 32.5 0.0 6.5
2.0 3.0 4.0 19.7 4.0 67.5 13.6 8.0 230.6 6.6
2.0 2.0 4.0 13.1 4.0 108.4 13.2 10.8 130.6 5.5
1.0 1.0 1.0 88.7 1.0 226.4 29.4 12.6 123.6 48.2
1.0 2.0 1.0 49.9 1.0 165.0 26.3 37.4 144.3 17.1
1.0 2.0 4.0 75.9 1.0 163.1 15.4 6.9 75.2 33.0
1.0 2.0 1.0 44.6 1.0 182.4 28.8 32.5 104.4 14.9
2.0 3.0 5.0 12.0 4.0 140.4 20.3 10.5 183.5 5.2
3.0 1.0 1.0 0.0 5.0 225.0 18.9 49.2 0.0 6.3
2.0 3.0 4.0 8.5 4.0 67.9 14.6 14.8 179.9 3.6
3.0 2.0 4.0 0.0 7.0 122.5 11.4 4.4 76.7 6.5
1.0 2.0 4.0 76.0 1.0 163.7 19.2 12.4 44.3 32.0
2.0 2.0 4.0 19.6 4.0 129.4 10.3 5.0 83.8 7.3
1.0 2.0 4.0 56.7 1.0 175.8 17.5 12.3 81.1 20.1
2.0 3.0 5.0 14.2 4.0 140.0 20.1 17.4 160.1 4.5
3.0 2.0 6.0 0.0 5.0 214.1 24.9 22.9 117.6 4.5
1.0 1.0 2.0 72.2 1.0 650.4 32.3 53.1 171.3 42.4
2.0 2.0 4.0 18.2 4.0 105.1 10.8 9.3 115.4 6.3
3.0 1.0 1.0 0.0 6.0 174.8 20.3 25.9 0.0 7.5
2.0 2.0 5.0 13.4 4.0 79.8 15.5 12.0 101.7 3.1
1.0 1.0 3.0 8.0 2.0 122.9 22.2 16.9 107.6 4.2
1.0 2.0 4.0 54.6 1.0 158.4 20.5 12.2 68.2 18.1
2.0 3.0 4.0 9.1 4.0 57.0 14.9 14.4 238.9 4.2
3.0 1.0 1.0 0.0 6.0 159.2 24.6 41.0 0.0 5.3
2.0 2.0 4.0 6.8 4.0 147.1 11.6 11.4 135.4 6.1
1.0 2.0 4.0 91.8 1.0 176.5 16.5 12.3 74.3 46.1
2.0 3.0 4.0 19.0 4.0 59.0 9.7 12.7 193.4 5.4
3.0 2.0 6.0 0.0 5.0 214.0 28.8 33.8 145.1 3.6
3.0 2.0 1.0 0.0 5.0 213.9 26.2 43.9 104.8 7.2
1.0 2.0 4.0 1.6 3.0 100.5 11.0 2.5 148.9 4.8
3.0 2.0 1.0 0.0 5.0 215.7 27.1 27.7 88.9 8.6
1.0 2.0 4.0 45.0 2.0 176.0 12.2 11.7 107.0 15.2
1.0 1.0 1.0 29.0 1.0 208.4 27.9 22.5 152.2 12.0
3.0 1.0 1.0 0.0 5.0 238.6 22.0 48.1 0.0 6.7
3.0 2.0 4.0 0.0 7.0 168.3 13.3 5.1 73.5 7.6
3.0 1.0 1.0 0.0 5.0 224.2 19.0 40.4 0.0 7.2
3.0 1.0 1.0 0.0 6.0 131.0 25.9 28.3 0.0 5.7
2.0 3.0 4.0 6.6 4.0 53.5 12.0 6.5 216.2 4.5
1.0 2.0 4.0 38.9 2.0 232.2 11.9 13.4 141.1 14.5
2.0 2.0 5.0 10.4 4.0 105.0 19.5 12.8 198.7 4.5
3.0 1.0 1.0 0.0 6.0 135.5 25.5 30.3 0.0 5.7
3.0 1.0 1.0 0.0 6.0 140.6 20.9 25.9 0.0 6.5
2.0 3.0 5.0 3.5 4.0 142.4 15.9 11.7 239.1 5.5
1.0 1.0 2.0 99.2 1.0 693.1 33.4 52.7 169.7 66.8
1.0 2.0 4.0 52.1 1.0 153.2 17.6 10.5 74.5 17.0
3.0 1.0 1.0 0.0 5.0 194.8 23.9 42.9 0.0 5.8
3.0 1.0 1.0 0.0 5.0 196.1 19.4 44.1 0.0 6.0
1.0 1.0 3.0 10.7 2.0 125.9 21.7 10.5 141.4 5.7
2.0 2.0 4.0 9.4 4.0 135.9 12.5 11.5 95.5 5.4
2.0 3.0 5.0 17.3 4.0 135.0 23.2 9.9 201.9 6.0
1.0 2.0 1.0 44.1 1.0 192.2 26.3 36.9 96.0 14.5
2.0 3.0 4.0 15.5 4.0 53.9 9.9 10.4 224.6 5.3
1.0 2.0 4.0 26.8 2.0 154.0 12.8 11.3 149.9 8.6
3.0 2.0 4.0 0.0 7.0 172.1 13.8 5.0 78.3 7.8
3.0 2.0 4.0 0.0 7.0 135.9 12.0 7.1 70.8 6.6
1.0 1.0 1.0 8.4 1.0 249.7 25.6 35.4 128.0 7.8
3.0 2.0 6.0 0.0 5.0 232.7 26.2 31.7 149.0 4.5
2.0 3.0 4.0 9.9 4.0 56.8 13.3 4.5 211.4 4.9
2.0 2.0 5.0 11.5 4.0 79.8 14.7 11.8 112.0 3.1
2.0 2.0 5.0 9.2 4.0 73.4 18.2 13.7 129.9 2.5
3.0 2.0 4.0 0.0 7.0 135.1 13.1 5.5 55.5 6.4
3.0 2.0 4.0 0.0 7.0 160.4 12.3 4.1 80.0 7.7
2.0 3.0 4.0 15.5 4.0 60.1 10.5 7.8 190.4 5.3
1.0 1.0 2.0 94.4 1.0 727.4 33.9 53.6 186.5 63.2
3.0 1.0 1.0 0.0 6.0 143.4 24.0 40.7 0.0 4.9
1.0 2.0 1.0 20.7 1.0 173.8 29.3 28.5 108.5 7.3
3.0 2.0 1.0 0.0 5.0 228.0 24.9 35.6 137.0 8.9
3.0 1.0 1.0 0.0 5.0 220.8 27.3 52.1 0.0 5.5
2.0 3.0 4.0 7.7 4.0 63.1 10.8 9.9 183.6 4.2
1.0 1.0 1.0 79.9 1.0 217.5 35.6 21.3 126.2 39.3
2.0 2.0 5.0 17.8 4.0 70.2 16.4 8.5 186.0 4.9
1.0 1.0 2.0 38.7 1.0 682.4 34.7 38.6 96.5 25.1
2.0 3.0 5.0 9.0 4.0 134.5 16.9 17.1 223.0 4.8
2.0 2.0 4.0 11.9 4.0 169.1 9.7 10.5 128.7 7.3
3.0 2.0 1.0 0.0 5.0 237.7 28.3 29.6 111.1 9.3
1.0 1.0 2.0 50.9 1.0 636.4 35.4 54.5 151.0 28.4
2.0 2.0 5.0 8.4 4.0 82.1 15.8 16.4 134.4 2.6
3.0 2.0 1.0 0.0 5.0 196.5 25.9 45.0 145.8 7.1
3.0 2.0 4.0 0.0 7.0 135.2 9.7 4.3 76.6 7.0
2.0 3.0 5.0 7.5 4.0 159.9 15.6 10.5 157.3 5.3
3.0 2.0 6.0 0.0 5.0 212.8 28.0 23.7 79.9 3.7
1.0 1.0 1.0 84.4 1.0 219.7 31.8 22.5 117.6 43.1
2.0 2.0 4.0 6.8 4.0 136.9 10.8 10.7 90.9 5.3
3.0 1.0 1.0 0.0 6.0 158.3 22.3 36.5 0.0 5.9
1.0 2.0 1.0 36.5 1.0 166.5 27.1 36.6 112.0 10.9
2.0 3.0 4.0 1.5 4.0 69.1 9.2 12.0 140.6 3.3
3.0 2.0 6.0 0.0 5.0 204.6 27.7 28.9 85.0 3.1
2.0 3.0 5.0 14.5 4.0 156.1 22.4 13.5 179.0 5.6
2.0 2.0 5.0 19.4 4.0 77.0 18.7 8.5 106.1 4.2
2.0 3.0 4.0 5.3 4.0 50.4 11.9 8.6 210.8 4.1
1.0 2.0 4.0 83.6 1.0 172.9 15.4 9.5 63.5 39.0
2.0 3.0 4.0 17.0 4.0 59.1 9.9 7.3 234.9 6.2
2.0 3.0 4.0 10.2 4.0 52.1 14.8 15.4 164.1 3.1
1.0 1.0 2.0 17.3 1.0 637.3 33.9 36.4 100.4 18.1
2.0 3.0 5.0 7.1 4.0 157.0 23.3 14.8 140.1 4.1
2.0 3.0 5.0 4.7 4.0 143.8 21.8 17.0 233.8 4.7
2.0 2.0 4.0 4.4 4.0 146.9 12.9 11.4 127.0 5.7
1.0 2.0 4.0 76.7 1.0 161.1 16.5 8.5 45.2 33.0
1.0 1.0 3.0 5.0 2.0 132.0 21.7 14.6 101.0 4.5
1.0 1.0 3.0 38.2 3.0 119.0 21.7 7.6 132.7 12.7
1.0 1.0 1.0 90.8 1.0 248.8 28.5 17.2 158.1 50.7
3.0 2.0 1.0 0.0 5.0 228.6 28.7 39.1 135.2 8.4
3.0 2.0 4.0 0.0 7.0 171.6 13.3 4.8 65.8 7.7
1.0 1.0 1.0 75.9 1.0 211.2 32.2 13.0 194.3 38.0
3.0 1.0 1.0 0.0 6.0 162.8 25.1 26.0 0.0 6.9
2.0 2.0 5.0 11.7 4.0 80.7 15.7 17.9 164.7 3.1
2.0 3.0 5.0 19.0 4.0 142.4 16.1 13.3 166.4 6.1
1.0 2.0 4.0 95.9 1.0 170.7 20.5 10.5 62.5 49.7
3.0 1.0 1.0 0.0 6.0 140.5 21.6 39.7 0.0 5.1
3.0 2.0 1.0 0.0 5.0 196.3 27.5 30.3 146.1 8.5
2.0 3.0 5.0 7.1 4.0 147.0 17.4 11.7 136.1 4.4
3.0 1.0 1.0 0.0 5.0 207.5 23.0 37.9 0.0 6.8
1.0 1.0 3.0 3.7 2.0 128.0 21.3 16.2 96.2 4.1
2.0 3.0 5.0 4.8 4.0 133.2 23.3 13.2 233.2 4.7
1.0 2.0 4.0 61.2 1.0 178.3 16.2 11.8 76.2 22.9
2.0 2.0 4.0 5.2 4.0 178.1 10.1 4.0 107.1 7.3
3.0 1.0 1.0 0.0 5.0 232.9 21.7 45.9 0.0 6.7
2.0 2.0 4.0 1.9 4.0 117.7 11.2 7.2 138.1 5.5
2.0 2.0 4.0 1.6 4.0 132.3 10.2 2.8 79.7 5.6
3.0 2.0 6.0 0.0 5.0 235.9 25.4 23.7 102.3 4.8
2.0 2.0 5.0 6.7 4.0 72.6 16.7 13.8 114.6 2.1
2.0 3.0 5.0 8.7 4.0 157.2 19.3 14.3 237.5 5.8
2.0 3.0 5.0 12.0 4.0 142.1 18.5 15.3 164.2 4.6
2.0 3.0 5.0 1.7 4.0 151.6 18.8 14.5 231.0 5.2
1.0 2.0 1.0 8.9 3.0 108.9 24.0 6.5 149.6 7.4
3.0 1.0 1.0 0.0 6.0 152.6 20.8 31.1 0.0 6.3
