area,length,metal_thi,metal_cat,mach_cat,meth_cat,quality
1.387100757421928,2.0994388477303145,1.238915811084075,1,2,1,4
5.760948075746582,1.3646971456763697,1.6312501509260842,2,2,1,5
2.2285225542069838,3.3959998010312136,0.5715557637312083,3,3,1,2
3.4736344301578645,6.911876946582416,0.71119204459474,1,3,1,5
1.8887001939975967,5.401515139718407,0.5571781096887547,1,3,1,2
9.196320226019337,3.4886531961774345,0.7437631577436905,1,2,1,3
4.920611288770471,7.975507473716061,1.2389745600503026,1,2,3,3
1.4518110490087361,8.860792451551827,0.26727380659149147,3,2,1,3
9.490193533076825,4.395725505453129,1.7502402775642323,3,1,1,4
6.293638408312729,5.627294688214278,0.1349472876345994,3,3,1,3
4.155284722059758,7.577978901525722,0.38223811380432493,3,2,1,3
3.9201080796046917,7.388121166811605,1.25002074361267,3,2,1,1
9.123535457912345,2.748646366217643,0.5236048323253641,3,3,2,5
6.871849026808343,4.11276794821949,0.1617906671692244,2,2,1,2
8.583140865415963,1.4823257095881666,1.7382919691853016,1,2,2,4
2.924012637339978,4.987080817829809,0.48695819144875974,3,3,1,1
8.77080533030195,6.807614029341869,0.1958477936339087,2,2,2,3
2.3965063324164704,1.3958140737747957,1.560427539981801,2,2,3,1
5.7824223752089905,8.662395784837349,1.1160582462359905,1,2,2,3
5.189792247561204,2.746476852521485,0.6654099914335083,2,1,1,3
9.78794354270774,9.894173265111537,1.7011032318082207,3,1,1,2
2.8470455080353148,7.397141372007631,0.7585446244509035,2,1,1,4
5.731365328664352,1.0066717253943132,0.8620593406373329,3,1,2,3
4.655429633775444,5.053431502011629,1.446651721174763,2,3,3,1
3.918809781300246,8.197941418115946,1.1941670989602684,2,2,1,2
8.190360100031185,9.136561728683715,0.460082772228918,3,2,3,2
1.3957148691488745,7.544720514132399,0.2881216211663198,1,3,2,2
1.3911017381219954,1.0485495431988245,0.5419575954840039,1,3,3,2
2.076811978159859,3.4245663354297715,1.8329759577323361,1,3,2,1
6.450652369396972,7.494491218207271,1.4292132011782657,2,2,3,2
3.6224009621641278,5.283021810696049,0.04869516840842891,3,2,2,3
3.7550263081822255,4.998784649508639,1.072998625415033,3,2,3,3
2.1465260313073875,7.407008552478259,1.8945242463680392,2,3,1,3
1.2619392813438888,1.9672666284325357,0.253996741233131,3,3,1,1
2.421718612615428,4.378010016015779,1.2294521477653835,2,1,3,4
3.681105661357749,5.398239150500592,0.34758108451329073,2,3,1,1
1.6088814176050303,3.472106972111843,1.5076257043462724,3,2,1,1
3.0350451889670644,7.296448286953082,0.49575549072060987,1,1,2,1
9.980044440616163,8.971482220168419,1.697102573737072,3,1,3,2
6.674672299119542,1.5976331163796826,0.50496333293644,1,2,3,3
7.8410176538581275,9.135479961805766,0.5943453803635577,3,2,1,1
6.122196934269353,7.3472315602638085,0.15489133664983834,1,1,1,4
5.590581655121466,6.60543515268647,1.4173751470302955,1,1,1,4
9.826722844617388,1.205226601576526,1.36489961999219,1,1,1,5
7.373007114976784,7.187532541022136,0.15177898489699038,2,1,3,1
2.274872046981865,2.789081418002002,1.2063201297273851,1,3,2,5
7.374744126072866,9.727996575618185,0.16321316929469631,2,3,3,4
5.345488743845196,9.700936415526751,1.8067792335010353,2,1,3,1
7.6634541962518234,6.27453622136106,0.2985381467174233,3,2,1,2
6.13937088393743,4.950874379782958,0.3267330625084004,1,3,1,4
6.462183400296667,3.7637830434676482,0.5331045812405375,2,3,1,4
2.134432492372849,5.135317768931045,1.3854238664392962,2,2,3,1
8.938108134210129,2.166200352497634,1.272152735591646,1,3,1,2
1.8290096945534002,5.5061614641276355,1.2040843793033844,1,2,3,1
9.5763697418026,1.0502445775421008,1.8139578594149075,3,3,2,3
2.3662096070947634,3.8150928957063757,1.0550285903009309,2,2,1,4
2.62221530031974,2.590496181832441,1.130710696718947,1,2,1,3
3.241371822470191,9.433438558101006,1.3351683807552601,3,3,3,3
8.867081311846494,9.591656175474437,0.6190602084731454,2,1,2,3
3.763354343072991,5.962677937609538,0.39445148548852704,2,1,1,2
3.0885639998354426,5.243727619732281,1.2018676508038695,3,1,2,5
5.8941809814279225,5.426552233507741,0.0621635771628275,3,1,3,2
1.784615607371883,8.262368487462627,1.8360726189939585,2,2,2,2
2.9662632784010055,1.762580573114004,0.22116288522434302,3,1,2,1
4.838001698453754,5.479953044517403,1.6104865967879562,2,2,2,1
7.339465781667201,7.788958760331479,1.675271806861711,2,3,1,5
1.025153840144883,8.971384794689719,0.4985435930426565,3,3,1,5
5.692906744199882,8.322740664791795,0.48542470096517243,3,3,3,5
7.048466993685892,9.77665348790369,0.8376417030596996,3,2,1,3
3.8196692748979295,4.998753056448356,0.425604931538055,3,2,2,4
7.439256458818896,5.103526421583648,1.6295026969362367,1,1,1,1
4.41897389671087,3.7140147147541023,1.015310828449806,2,1,1,5
7.956701481059377,2.276272756488737,1.3665310434911833,3,2,2,5
4.430573995476188,3.875151220547444,1.7770563728423245,2,3,2,5
5.676273969319522,4.544866010174023,1.4719567144017636,2,3,2,4
5.252923032428447,9.515248968923682,0.25500068481028504,1,3,1,1
7.683763156563582,7.394417152720558,0.7181851367514751,2,1,3,1
5.626695986959534,6.683662627057715,0.7166114727018407,3,1,1,1
7.504003997608721,4.325689883916885,0.0524073603943076,1,3,3,3
6.6642968758733065,5.096204458041734,1.9333522828487066,2,1,1,3
7.738824373596671,1.1662401529505382,0.007466763353609851,1,3,2,3
3.5992569331097624,3.5931048536676253,1.4153863144885892,2,1,2,1
1.3430907520501605,2.993039222412648,0.9286161960238777,2,2,2,3
1.38493597954362,3.610112933203442,0.6953517983161865,1,1,2,1
7.6230597509040345,9.508720355350317,0.37372432003343303,2,1,1,2
6.683207483172721,9.490462375389988,1.398875468195499,2,2,1,3
5.725023959780299,1.0529525580708563,1.2003915301414168,1,3,3,5
8.861410555244786,2.9593172359309614,1.314996821913531,1,2,3,2
8.896191537833325,3.1499145696669686,0.44622608530646235,1,2,1,1
3.3207210840112795,7.19694503646754,1.1862592537758556,2,2,3,5
3.759975897199008,8.276319647833185,0.3721641925425443,3,3,2,4
7.630449761211761,6.451588383853228,1.0887899837586634,1,2,1,5
5.008722526282615,1.2016803431979124,0.29060363110360643,3,1,1,5
3.244673673644123,9.821627907617469,0.37724299224738567,3,2,2,1
4.775657482688395,9.558127617568436,0.2744388497296919,2,3,2,3
8.018084839443569,4.917051488011166,1.6138277572315767,2,3,3,3
6.336763954018413,8.106622597307627,0.2960068575917345,1,2,3,3
6.372841899890702,7.166652962363715,0.6222386513082607,2,2,3,2
6.19999252789598,1.9619586588482085,1.4237948980325554,1,2,3,1
9.283593196319169,4.252175410879638,0.6051376069872365,2,1,1,1
3.803167215421416,3.0565154998978925,1.2266605131150379,2,2,2,4
2.6812650170470507,6.951595063298516,1.0426300536512767,2,3,2,1
3.4659392015726356,4.366962811054133,1.2421459115657278,1,1,1,2
7.168207155207729,6.217852315199927,0.657918381469037,2,1,3,2
7.408391880411626,6.651062859335802,0.7934584870508921,1,1,3,3
9.711930616695138,2.451700722866806,1.4818843057206872,3,3,2,2
9.354812390239175,8.349622971826076,1.1713932631204118,3,2,3,4
8.279348509894865,6.147343902180414,1.3090247798327659,2,3,1,4
3.9119887734203114,1.4903959251079415,1.1095507673693945,1,2,2,4
1.7250769277042872,5.893883739443179,1.4487511431936142,2,2,3,3
9.064844848131802,6.914039589419751,1.006580423031035,1,3,1,1
5.615085648561088,8.434237630504114,1.031476837940224,3,2,3,1
4.387696811744367,2.2340323108658806,1.6627716271221504,2,1,2,1
4.756297246892877,1.661484408467392,1.62298430331669,2,1,2,5
9.115490778794953,4.71038559568473,0.031257671711591106,1,3,3,1
5.531625964187755,1.5609051094886026,0.4085658644407897,1,1,3,5
7.800175585605723,5.465032985044139,1.768965816169178,2,2,1,1
4.546448668394022,5.1656095421628105,1.7527242255586986,2,2,1,4
8.338723567665074,6.198609069771458,1.0202528620297238,1,2,2,4
8.39931623884944,1.6549939254649995,1.9798859759218557,2,3,2,5
1.1633843720657826,4.835310291306948,0.9538605750842506,2,3,1,3
8.428662498318275,5.502970719870036,0.30249392147922527,1,1,3,3
1.2102044766714817,1.5935047841225543,0.3759589012007738,3,3,1,2
9.837068093424431,9.785858544518558,0.02063814661307739,3,2,1,3
6.947786320172485,6.964987958882988,0.10081939501690873,3,2,1,5
2.0394822584044268,3.349628929055787,0.0625796817473252,2,3,2,1
5.686110743739849,3.131598984181508,1.52707600193938,3,2,3,5
1.8528312578260757,7.503203620823983,0.2321733706304132,3,2,3,1
7.670023603373717,2.5724123268146615,1.2708067835849226,3,3,1,3
9.913127499227896,6.123968034987999,0.29519048733792963,1,1,1,5
1.3473038419419785,7.314894545442646,0.7405214008504135,1,1,3,4
8.067860835207812,9.661767157769784,1.8485157573754665,3,1,1,5
2.271770328304685,1.90749750515686,1.0675008425956642,1,2,2,4
3.462359520922493,4.448781911104517,0.891665121309863,2,2,1,5
7.403079083970908,8.71220844369176,0.9053196384274902,3,1,3,3
5.057576751747878,3.1951362057885833,1.297207272689323,3,2,2,2
2.791485741161452,1.977812649601659,0.4705097219585259,2,1,2,2
8.958669467081116,7.9999909062806625,0.46366485226282395,2,1,3,3
3.6423076471647655,3.9626779307212874,0.63303358030841,2,2,3,3
7.383238042259037,2.5786681095214385,0.15507186787778138,3,3,3,3
3.7606383401136365,1.5344553444277704,1.599434490548474,2,3,3,1
8.588634017403583,8.689495174064174,0.7386945072831341,2,3,2,2
7.963076320233743,8.822141946011705,0.00348066140297143,2,1,2,5
6.028609284607399,7.798162524339204,1.684437009886326,1,3,2,3
9.566562531003994,3.3697115092104166,1.6459467133285692,1,3,1,4
7.208183338880068,9.048859796854805,0.43018400352865105,1,3,1,3
1.580269078812822,9.818140670073197,1.4589309990291037,1,1,1,5
6.747311661867494,1.6854897194391978,0.7519340685740965,3,2,2,1
7.937388859351055,9.420077748638702,1.1035192982541426,2,1,1,2
3.273352840020619,6.108594657787189,0.8501161809863487,1,1,2,5
4.557098806967341,4.010159779477707,0.8051334684701081,3,2,1,5
1.3602069240941477,8.359317673818824,1.8421494305021235,1,1,3,2
8.840444855536507,6.836858112667169,0.7605352844066144,2,1,2,1
7.347315227053897,4.754978305198792,1.4073933351560548,3,1,3,3
2.864336380475997,7.978619711466765,1.9874737055609328,3,3,1,1
4.76092157268514,1.4370738629715194,1.7587318849768527,3,2,3,5
4.246436022037599,9.207343538536291,0.5234413206104045,1,1,1,3
1.0962693372744128,7.883933807183594,0.11617283982189064,2,2,3,1
9.245225010368502,6.350930527799555,1.3295772298612272,2,2,3,1
9.188865774781297,4.455835002873652,0.27661653425358645,3,2,3,1
7.945859936597292,5.184097745754244,0.9812111592004797,3,3,2,2
8.441246761347205,8.91754867706334,0.5426483967496183,1,1,3,4
6.200570538533138,2.2552727954696676,0.6888770525204093,3,3,3,1
3.337008871612176,5.827294329366693,1.3833676883562858,2,2,2,4
9.728823101416673,9.801070403991101,1.8492918344642406,1,2,1,3
4.482435090444391,3.3729696350086162,1.6406451348779605,1,3,2,2
9.017720529810491,6.403337473061814,1.2649826565509894,3,3,3,1
3.5527390108672843,1.6746846548423102,0.7735287587824036,3,3,2,1
5.563046684056336,6.3477214012394025,1.3392269865899369,3,3,3,4
1.4337620323012572,9.324204351538626,1.8816560756922354,1,2,1,4
8.305020394831029,2.899219642587252,0.7495226556988026,1,2,3,2
8.739407079090071,4.744679932755785,1.7202998125776905,3,1,2,2
5.464409352226974,1.7913033369806728,1.6413768973079572,2,1,1,5
7.297219495008592,7.364004142467077,0.6989177246704221,1,1,3,1
7.366475267125156,3.684319727877494,0.2007370194545608,2,2,1,4
9.845922524462456,1.9138948466533137,0.15301161926872542,3,3,3,5
1.9852226162280266,9.46572741991415,1.7214671417552385,1,2,3,1
3.1379500823929747,7.698316612793224,1.6070539806775206,1,3,3,2
7.084125264471485,7.724531169629921,1.0533690592745166,3,1,1,2
4.751397847507279,5.341364591642346,0.3325785925651652,1,2,3,3
2.6271705353292045,3.9901899891519736,1.5901477037796696,1,3,2,1
1.5471931236332988,2.7893662059761706,1.9442394554278184,1,1,2,1
7.98371427754046,8.602484232438556,1.27273432221874,3,3,1,5
9.95095964808287,1.0093394925004997,1.9529203531047412,2,2,1,3
2.0132890819714095,4.696149363820536,1.5124853414398698,3,1,3,1
3.8806909867084043,3.719999928263362,0.9377597268422473,2,1,3,3
7.047382319745916,8.077471124378695,0.7092231743976176,1,1,1,3
9.080066496782218,1.646656603948251,0.17800428179376193,3,2,1,2
1.694975315335947,6.8552605939403035,0.22954976916194325,2,3,3,5
7.869025573299859,8.56169825743865,1.9340167242049282,3,1,1,5
9.494086196393267,2.5376246686245323,0.35575733286593825,3,1,3,2
1.9533782913973603,8.816993191937335,1.3428236294237812,2,3,1,5
9.271085028597783,2.15947333141355,1.2403751075886484,1,1,2,2
8.319651314514669,6.038164157373236,0.49648140684333697,2,2,1,4
3.0057365592439944,3.9764838114441714,0.30575147938332936,1,2,2,5
9.344039678292145,6.24288904270858,1.5638594393626941,2,1,1,2
9.20555160599703,5.598809212735399,0.9120680684999061,1,2,1,2
9.512068913723981,3.220131242702482,1.4602900585951075,1,2,3,3
4.624084063797147,2.2836726070787723,1.803841495062675,2,1,2,3
3.6043024705337627,7.221046580793335,0.2552758634854497,2,1,3,4
7.741374237897763,2.9539336341821523,1.3707417787838188,1,3,1,3
6.003484109620502,3.154931574654354,1.0463538388129965,2,1,1,3
2.360371050726896,7.096554558191666,1.098002089511103,1,1,2,2
9.420641374495462,3.4687169914270983,1.6412742175955317,3,1,3,5
3.833816460187615,1.4915812732372347,1.6465553242129367,1,3,2,5
6.2103863181903485,8.351836784622895,1.3054715311540301,2,2,2,5
6.730485308414716,9.53352188632411,1.4843720203756168,2,3,3,2
8.74530009057616,8.400370961882324,0.807579368009969,2,1,2,2
3.975245241610336,7.374917402797491,0.32379114068740833,1,2,2,2
5.562985412671076,4.757917175577301,0.39389746006081894,2,2,1,4
5.562491582275355,6.221335048808399,0.7388940417640832,3,3,2,1
5.5570678801532285,1.3086243210605188,0.6374556194769276,2,2,2,4
2.052680130456815,5.7191495752907535,1.453903270889955,1,3,2,3
4.766474056256081,7.842342287230139,0.4377984382208475,1,1,3,5
8.909307317137625,3.837925033858,0.8536353056681265,1,2,3,5
1.8638210395031731,2.443355406406074,1.4807131737583448,1,1,2,1
8.961821310898873,6.426505324258195,0.1487992689107589,3,1,3,2
9.348217609396029,9.78194393495423,1.436674300737617,2,1,3,2
5.799760723812573,6.005689218354149,0.2145790689140119,3,1,3,1
7.795821875030836,1.7218970551604809,1.5891987976211428,3,1,1,4
8.648319900928076,4.158078697717367,0.5054090857084863,1,1,2,4
8.059930755545787,9.121233156909527,0.31044279648255646,3,2,2,5
1.5150153376860598,9.802102356053622,0.9147486747218014,1,1,1,4
1.1513176043064186,8.785289237325204,0.9282280569480728,1,3,2,1
3.5711360385393442,8.981305958844576,0.19093288291427446,3,2,2,4
2.0824644228282105,6.61782170979127,1.331574591711481,1,1,3,3
2.622623052606933,5.592075336834112,1.1997097065303812,3,1,1,3
2.8093017906326416,4.510954254891392,1.3504641450650214,3,2,2,4
9.021910449524793,1.4179216358728004,1.3019575921776145,3,1,3,5
6.5076391647452185,1.0388149327372642,0.04771649413623691,2,1,3,1
6.376516314103228,4.220136293003914,1.5094490888255323,3,3,2,3
9.370292759467333,8.42075388044833,1.97757886345223,2,3,2,4
3.8843074172233685,6.316642728486032,0.6398246539467822,2,3,2,4
3.326149535748545,3.6168815429725933,1.119543351622237,3,2,1,4
7.909904149912849,7.352195740384243,1.678956852204422,3,1,1,1
4.555519569186653,6.639839904966536,0.5809832317163408,2,1,2,1
5.100859351251439,2.19618445532854,1.0596705243578688,3,3,1,1
9.95724494572336,3.8171582484902244,1.0584264898558204,3,1,3,1
5.151566265091226,2.5940891758336955,0.07188989010346969,2,2,3,3
1.4438121343930002,3.4818419300118584,1.856988715121119,2,1,1,3
8.680209320313208,9.878070857728373,0.3849327273193406,2,1,2,2
1.4691556212712356,1.3691244812087402,1.7260216931546088,1,3,3,2
4.7670342185316015,1.4797875942393581,1.5948078097724832,3,1,3,3
1.3318295910106324,3.0417889856206224,0.46216403915906756,3,3,1,5
1.0420316028069447,4.563795508470641,1.6992993566618753,3,1,3,4
7.400736270812599,2.8530789346038152,1.66767850447975,1,1,3,1
5.727268950227096,3.460630029856603,1.526051367887791,2,2,1,4
6.990136251613435,6.183369462685267,0.9507035122036973,1,3,2,2
3.140909571981689,6.811363841100567,1.0595664536180138,2,1,2,1
8.977272390310068,7.09089364574548,0.48458453084304076,1,1,2,1
2.5741399087535024,1.4399112143602486,0.03904320118182203,1,3,1,4
1.6787290129820167,7.118815602535275,1.0635388885546926,3,2,1,4
8.051219602271003,8.83704742419875,1.6841332068516448,2,1,2,5
1.6143899985159353,3.0911654641837103,1.3694371963258667,2,2,2,4
8.397584052512011,5.41021003210871,1.6363732022105357,3,3,3,3
1.69411679415321,3.2228722120286832,1.37379590054555,1,3,3,5
9.1200793333816,2.736151226249121,1.6582405352459095,2,1,1,5
8.152390265408805,7.8144028376529135,1.7266551301716646,2,2,3,1
4.729099071441656,8.926794943911325,0.9007424219771114,1,2,2,1
6.080537064419698,9.350558037504646,0.31226539462661584,3,2,2,4
3.786568837760546,3.542349341966596,0.9777080241049037,3,3,2,4
4.162523432333377,3.374539621537871,0.31200865373209496,3,2,1,4
5.616737278372801,3.150124003319652,0.9030388904550826,3,1,2,2
9.58430837722965,3.7531415682425115,1.5180219167675262,2,2,1,1
7.43711941428354,9.52616986279872,0.33035036813712115,2,3,1,3
9.615830524108945,1.5974672045320513,0.3520581940137313,2,3,1,3
8.370288960288622,3.982182496491765,1.2896021328863068,3,1,3,3
9.107290111652748,9.581689792162596,0.16853786629717393,1,3,2,2
2.7050962490904165,9.498385982788845,0.3908108237852834,1,3,3,1
3.722027441364985,5.797711386949966,0.2299788020200566,1,1,3,2
1.1637692166903726,6.407322248471364,1.0377788370962073,3,3,2,3
5.1088992367623725,2.1610594568224677,1.7305379357695994,1,2,1,1
4.612481679330283,8.73160098679536,1.9479691953095828,2,1,3,2
5.541655637419566,3.6661853230523267,1.277916083975348,1,1,1,3
5.515411280072639,9.673841393914264,1.935839530965259,2,1,3,3
8.363392220618387,1.2215102752274363,0.5027788767961232,1,3,1,1
3.906919896494081,8.366729494132981,1.5533189264474538,3,2,1,5
5.5177301767101765,4.451201011510857,0.14137304220477764,3,3,3,4
7.856165434330862,9.023634361133457,0.8859396805781043,1,1,2,4
2.640868726964922,6.319217958119994,1.1851049811012981,1,3,3,4
3.376367690323981,9.330120491735634,0.7868381961857522,3,1,1,2
5.035016423715202,7.20623905675866,0.641879436766907,2,2,2,4
2.468629840036919,2.463196839406707,1.026165903127002,1,1,3,1
5.890304585745848,3.907374375679918,0.27337148930299815,2,1,2,2
2.7509426477604357,8.109102847179962,0.11612325284802649,1,3,1,1
4.532234861504296,9.681951592737063,1.6663107814300069,1,1,1,5
6.4331081625624424,5.535631999748348,0.7843428081271824,2,2,2,1
4.6638483173074,5.418957411122264,1.1935730717588409,2,3,2,3
8.291927712786507,4.813001366798112,0.18185590391214324,3,1,2,2
4.766187956024037,1.9400874356735904,1.761291563191752,2,2,2,4
5.055735013631198,4.882695648127307,1.4148129088247101,3,3,2,2
4.885883917984568,2.573076050109488,1.355419726786457,1,2,1,2
4.061848305350729,2.905964682833994,1.692761563309891,1,1,1,4
1.9883675877974805,9.550925501302851,1.4790189259497954,1,1,3,4
5.457551530718187,7.5238955717838225,0.09886569951072532,1,3,2,2
5.510461864033113,2.53028981786178,0.024459619133269106,2,1,2,2
6.013531334873854,5.462958331527817,1.6964280621865728,3,3,3,3
9.554672303888992,6.2866557170300705,1.5607623481150779,1,2,2,5
9.59767078959686,7.892194559135368,0.993378911203102,1,1,3,5
1.0989011291515016,4.338204631267301,0.6359838552201147,3,2,2,2
2.66776640070581,5.5615683541182,0.5737843354740897,3,3,1,3
4.462482414990773,4.029970547103258,1.8056486644962981,1,3,3,3
9.516671969165362,2.655810878625415,1.0562387830902902,2,3,1,5
7.211803974054909,6.698856570880858,0.6222066473664281,3,2,3,1
5.664846682208754,8.120238691744465,0.15250104769739203,3,2,1,1
4.185207126018379,1.5119554436000393,1.1109639411479297,3,1,3,2
2.314575556347254,2.916007151314103,0.9119039483560689,3,3,1,2
5.830810914835798,9.215640307175004,1.7510768606555713,1,1,3,3
9.337685079957295,4.286525102268401,1.4655212525757104,2,1,1,3
7.25250779842006,6.402545577879797,0.8600328841397746,2,1,2,2
4.878961453329967,7.195357224111999,1.9167609765957772,3,3,3,4
3.6504314656849317,6.145947845903008,0.1959653815677398,2,3,3,1
5.802124179288821,8.23206790346736,1.7720559795996622,2,3,1,1
3.233916369429444,1.2611755039233734,0.8606450654231734,2,1,1,2
2.528388358092211,1.6494786800080306,0.5310219010206176,2,2,1,2
2.7980358611679446,9.036589768445564,0.7346161952038912,2,1,1,2
3.8743464918780055,9.488179780945575,0.43366915394525685,3,1,1,4
4.7043396757363265,8.946321517283392,1.6846749323258243,3,3,3,2
6.539460170048117,5.1794711718944395,1.8214661626378121,1,1,2,2
6.049148397676859,1.6799211917520969,1.9807285084915633,1,1,1,1
1.9458146705945463,7.305557475552763,0.6883460333322879,3,3,2,2
7.724916466886004,3.3097851291935516,1.540787747025904,1,3,2,3
2.0171598048704125,8.269633794796423,0.07333725138217773,1,1,1,2
5.7021554363707825,5.413509424151383,0.07974822872297449,2,3,2,2
2.063133858381055,8.146375640441434,1.0854716122538002,1,2,3,2
8.566261945299894,7.496460292766788,0.8122595209173291,2,2,3,3
5.938984561281666,6.73139233188718,0.5909614582289011,2,1,1,4
7.800293154843967,5.21014033277052,1.1979421094999672,3,2,1,5
9.650948669187994,1.0548510714564743,1.848115961087006,1,2,3,2
1.0684812893814777,7.1249224152224935,1.4777884262558858,3,1,3,4
3.585869198234625,2.635515023650038,0.637351940552447,2,1,3,4
8.108187928049968,8.397309002168251,0.8121772988719191,1,1,1,2
6.738713433078873,6.2260659992258836,0.4097068104568766,3,3,2,1
8.953040802887859,6.277069244079243,1.12593017431959,1,2,1,5
5.158440933134584,2.0583868763973947,1.4972219519571934,2,3,3,3
5.304759978104114,5.746543050297063,0.915797687271322,2,3,3,3
4.998379281781094,2.9726159877022313,1.559328630066571,3,3,1,1
3.1651047488092723,1.3885826494948503,0.11767956828820636,1,1,3,4
7.525997453872502,3.4483965391420988,0.6852612286475965,2,2,1,5
6.269910917056997,1.6283854282310206,1.4967108434205902,3,2,2,1
7.833641654020659,7.185762864321233,0.08009098203134424,1,2,3,4
8.341976408989531,9.414773961806699,0.41103611591689493,2,2,3,5
6.106457672453214,3.200362166728552,1.7051300562331229,2,1,2,2
1.167374826956442,2.6138657975017847,1.0251314712294983,3,2,3,2
7.9208750794667475,6.360477266894508,1.967117042370632,3,3,2,4
4.897517326836843,2.751020834615,0.12204037772337495,3,2,1,1
5.052053510414727,9.320517019983534,0.10223410290559509,3,1,3,4
8.125163356145343,7.824242660635475,1.5617780522585334,2,1,2,3
6.9888486734031225,1.3892929468666422,0.7210379941331073,1,2,2,3
1.0118106276214194,7.571197506087679,1.7480594716071147,1,3,3,1
4.005320505709194,8.629216513038994,0.033716525724331925,2,3,1,1
6.506833152261141,6.8778553584976265,1.3787222988525767,3,2,2,4
2.7524219078850196,3.618363598610476,0.12318838972882995,2,1,3,4
4.506483213101827,5.2306290605312,0.8433514225345164,3,3,2,2
8.87214897489892,8.073114091840491,0.2679930971161828,2,3,2,1
6.87588113390606,4.292331586579023,1.8503427078332697,2,1,2,3
6.1984116907459965,5.109286483441639,1.2662864052327487,3,2,2,5
1.05101973788598,2.110510754319515,0.989388618238169,3,3,3,1
6.207868539311015,8.580256871570363,0.5059008945755683,3,2,1,2
7.424417238658119,2.4575346378358467,1.3668857862336667,1,2,1,4
8.471230625218096,3.5053577420665603,1.056465862065099,1,2,2,5
7.8044311618513085,1.8294697664154107,1.075243238796106,1,1,1,2
2.9448342027522534,4.386065468570451,1.057679969971848,1,2,2,2
7.828253166388318,2.309990801347343,1.0845578101385769,1,1,1,2
5.284697651380873,1.7493151572318304,1.0439058206793168,1,2,2,4
3.648342757322546,9.64561970362161,0.17574595902596446,3,1,1,4
1.998598289590805,1.1277008783901827,1.9768974892356432,1,3,3,1
6.260316353522392,6.790837661536644,0.8894420788131217,1,2,3,2
3.512854516271246,7.607203656865409,1.7378936730337908,2,1,3,3
3.9101784777626643,5.438837490345882,0.7271586015535116,2,3,2,4
9.16709833913082,7.627203468184254,0.2443884019254674,3,2,1,1
7.533623805687178,5.762835206035771,1.6767498230756737,1,1,3,2
1.989229699503684,8.794652849920189,0.9247902046617607,3,1,3,5
8.340043652550907,1.4520987034511659,0.9110050300721131,3,2,2,2
8.859464074202272,8.314890712321791,0.4120877156935605,2,3,2,3
3.502613917410417,3.8210215845283013,0.8119183643894796,1,2,1,2
4.3629954897510235,4.609228887331696,1.2299141680272279,2,2,2,5
5.933243677571331,2.6248368237996047,1.1812937768539538,3,2,1,3
2.3393880755526784,3.151727826728755,0.7658001417450904,2,3,2,3
1.2012076936021594,8.491429049597961,0.2345348127955289,1,1,1,5
7.4480113308105595,4.1309632546849855,0.9835676292259772,2,1,1,2
8.20889131590241,2.881778150736096,0.7599500563065986,2,2,1,3
7.146935091770155,3.544932356619521,0.35133673128707144,3,3,2,3
6.462118008901603,1.6067387558429278,1.854056127544457,3,2,3,3
8.255444257166461,2.8150005203992357,0.845182005534171,3,2,2,3
9.624588803871973,2.425122619222007,1.8300291506606403,1,2,3,2
3.788698303349782,6.889786648823102,1.440201230062034,2,3,3,3
3.7079993498820336,6.70952119110518,0.033627040853069,3,3,2,3
5.486334443338887,9.090866228434106,0.5340019167729562,2,1,2,4
2.9573765446670848,6.7447288163936605,1.4095113981490797,1,1,2,1
2.18113724714222,7.266156506610049,0.2833901229489917,1,2,2,5
6.982971156303946,3.2613630606912887,1.608530723613353,1,3,3,5
5.087367248181993,7.2402674475966355,0.3320676212899083,3,3,2,3
2.8254183989954305,3.8971014104984416,0.5887993282391117,3,3,1,4
3.0906248100195737,6.745059552044704,1.4796500774427641,1,1,3,1
2.044185644207924,1.7470325785777372,1.1383141587111594,3,2,3,2
3.293286937413187,9.092458116866897,0.02907860662793116,1,3,1,3
1.4869980283162096,1.3882834553164858,1.708309521675691,1,3,1,1
6.975917423239094,4.789236235329255,0.16449707859884755,3,1,2,4
5.888174012017815,5.704710809469915,0.721360185706273,1,2,3,1
5.927653754717514,8.23864938499826,1.0352854226444879,2,1,1,3
3.0550985997281845,9.506063499252935,1.2589784123849157,3,1,1,4
6.588491431929793,4.613211205524594,1.9250632719705318,3,1,1,3
8.017055220470967,3.6185346343682205,1.3583466064568832,3,3,1,2
3.0696817743450175,6.8082156880285085,1.5761798649740364,2,1,2,2
6.331361313172528,5.110501621198225,1.8180634309407304,2,1,2,5
8.235070792315629,7.224286409937567,0.0859068175986859,1,1,3,3
4.263240297604646,4.9596954302545635,0.38145577826925403,2,2,2,1
2.1020772638018888,6.477223902129064,1.884903865019873,2,2,1,1
1.1911395884290539,8.371070372314335,0.994914370728383,2,1,2,4
4.198618998903276,7.753623718958602,1.034221744917708,2,3,1,3
4.6464357737500555,9.23426390583882,1.8643631957050364,2,1,2,3
9.341182855267428,3.56359774236409,0.7851318960669758,1,3,1,3
1.3364109106682605,5.589309289476734,0.27520031502776643,3,3,1,3
2.7783442484623615,5.4803450500548925,1.674833142065384,3,1,3,3
4.60742663346387,5.802378149792286,1.5662022886809321,3,3,3,4
3.0113758709568,3.5241859001037823,0.6381827891063474,3,2,3,3
2.9496295320730237,5.014599381041442,0.6945396959355217,2,1,2,5
7.523950839920638,7.318313793275177,0.3404361325954659,3,1,3,4
4.297928787753437,6.238353896977977,1.3389334221240563,3,2,2,3
3.6323266251459656,6.68110586824611,0.8258478870228583,1,1,1,4
8.234749950594185,9.162643442255355,0.6055264471462567,2,2,1,3
2.3857554482405066,8.536111474821233,0.5567955896834491,1,3,2,2
5.665100977580748,9.648244918273944,0.7092611010920382,2,1,2,4
4.948756782056619,9.330346640007539,1.3567580066804343,1,1,2,4
8.17569793831892,3.245482219908887,1.942399037624174,2,2,1,3
4.91360399417502,3.661839292739508,1.030346501826499,2,1,1,2
3.58254402642106,6.651846536230078,0.5920448487611409,1,3,1,5
8.078752808956995,1.2456412365381924,0.8564324465668307,3,1,1,4
9.015107595440144,6.997033149806129,1.5105919360798594,1,1,2,3
7.928875387921999,3.2003018424101883,0.6139440920619315,3,3,3,4
6.068369620048348,9.427157023911127,0.9557208537039186,1,2,2,1
9.472713156581515,4.390202386225805,0.4165282397512231,1,1,3,2
2.6569526816457363,4.193412846916805,1.8492578920359652,3,2,2,2
3.2579087349206466,1.5110393195549494,0.01728526399980357,1,1,1,4
3.02955396812367,9.191410994204784,1.2779321447122605,3,1,1,2
5.877556147025027,8.688048572093319,1.4625879490939622,2,2,2,5
2.1791110964842373,5.280411317021985,1.9932750595652577,1,1,2,4
8.448871764698907,2.4708083139831483,0.05946297962764757,1,3,3,1
8.832190978586203,5.37299166453741,1.785364748272492,1,3,3,1
9.32801375151052,6.878318106790391,1.9552562601203738,3,2,3,5
7.904133500836774,5.600297597214797,0.02633280760676837,1,3,2,5
7.929628917854506,4.457870690598628,0.17301229640234328,3,1,3,5
7.370043617054558,6.112813014049178,1.0075458542370663,2,2,2,4
5.6919208274542665,4.711682211814912,1.5373892549173458,1,3,2,5
3.4749687729235297,2.9737733190231093,0.40852819808997953,1,1,1,2
9.314738137775876,1.8210689538205982,1.8708351371954504,1,2,3,2
9.235758390047547,6.72701878881507,1.39287401370524,2,3,3,4
5.740714935973018,5.6158090570459045,0.4928935110852992,3,3,3,4
8.760566716986961,3.6032450076714047,1.5807526260704101,2,3,3,2
2.8413943629719127,2.5315489088917857,1.9903588972006276,1,2,3,2
2.339163870524459,1.067314414594935,0.5023217041489467,2,1,1,4
7.024523685322244,4.67915106414851,0.0834960048767448,2,3,1,2
6.372912469543891,3.399452803705367,0.5700860224373665,2,1,2,3
5.588108540655393,7.678671782417667,1.1258566209410588,1,1,2,4
4.393061615542319,3.8773627088089064,1.4066452650903898,1,1,1,1
4.46873650060449,7.801159928607177,1.7377314966271915,1,3,1,2
1.5529476705048786,4.750762759432363,1.3624707636907618,3,2,1,5
3.2184924025034185,8.04798251504222,1.1973132324671238,1,1,2,3
9.266166013788865,5.876031122516804,0.5953044311071805,3,2,1,1
9.523549710175885,5.23465613534694,0.546968505976994,2,3,2,1
9.346044338357101,7.313199347482574,1.8994839966791663,3,2,2,1
1.969905469946331,9.502081016884658,1.5592205599515978,1,1,3,4
2.994728821681953,8.458592279397392,1.0492023106154216,1,1,2,1
9.295361296392628,2.804866671768738,0.5573892630497992,2,3,1,5
1.9661679429206758,1.3504259793815603,0.08979253634077367,2,3,3,1
4.928838502742507,3.0092368834936396,0.3560131620415503,3,1,2,1
4.464265106947893,6.344361493853588,1.1498954456548283,3,2,2,5
6.319110461136235,2.825195759483297,0.6545294722441761,3,2,2,5
5.9553237695816135,5.659564869668292,1.1792937839546698,2,3,2,4
6.553043368065291,6.902621422294501,0.4665402897680988,1,3,3,2
8.924136390459363,7.118611976477004,0.6716514230867501,2,2,1,4
9.568655418809835,5.336380189195741,1.4159687328418513,1,2,1,4
5.3870651884241365,4.830258498319402,0.5407931079292831,1,2,3,2
7.7134142778720785,3.5283987757381063,0.12252676565484699,1,1,3,3
7.697272399827691,7.788930471376439,0.8958604756682167,1,3,1,1
4.244170156738445,4.209993564694087,1.7599786606838983,1,2,2,3
8.97041817653199,1.7430838369694013,1.5677890541677952,1,2,1,3
6.531213310556569,7.480230368213378,1.4063088942791355,2,1,2,4
3.2629039585235007,8.001263725497488,0.32093550225527,2,2,2,4
5.8547267026052365,5.94989455200401,0.20176346308553184,1,3,1,5
1.21597434588374,9.02473129433175,1.9469310902831132,1,3,2,2
1.8090665504336,1.462179956372005,1.9416900178504204,3,1,3,3
4.612380838502082,9.312948686991156,1.712915363941418,2,1,2,2
5.604351268962404,7.649732296902038,1.5233337922444043,2,1,3,4
7.202858191868094,7.703132293237498,0.7102717220983412,2,1,3,3
4.566375605565894,2.7350415262845975,1.3779821218647543,1,3,2,5
2.7916614060545237,5.111960564703717,0.7320553919632888,3,1,3,5
6.7562751833797074,9.184295538517034,0.7973869371301503,2,1,2,2
2.8922425754376455,2.797572105232561,0.0760362386843354,1,2,3,1
8.776236702950282,8.5252733747751,0.6778914912956895,1,3,2,3
5.658417647065353,6.382487578830812,0.043736007076141004,2,3,1,1
8.948324555250602,8.80284055240644,1.0937981498408742,1,3,3,4
5.771709021751546,7.644648027139953,0.9272324282220379,3,3,3,5
8.57303692141565,8.404355542515653,1.6782686256308332,1,2,3,5
6.017769833912389,1.6822516846886397,0.017655136008940975,1,3,1,1
4.16956785384617,7.2114442625693025,0.9514799267080742,1,1,1,3
1.08459469538666,9.908458969389601,0.5585684412534722,1,2,1,1
4.080382728512335,1.2391050633127787,1.6400629754961176,2,2,1,1
8.613232225057608,4.709596109597646,0.8348071864923754,1,2,1,4
2.793462236523776,1.9614929009007485,0.9847291239201388,1,1,1,3
8.932384725424296,9.317964011889696,1.5298761051803793,1,3,2,1
5.02198335114562,2.2897006278882452,0.1490843636469168,3,1,2,5
9.569824692644195,9.013676956092006,1.7171604213958236,1,1,2,5
7.317087636621331,5.880390421435676,1.0350751518481562,2,3,1,5
6.415030086771327,6.0055784288885,0.702800020447379,3,3,1,1
8.16884393494937,7.383540380600945,0.3285057039085748,1,1,1,2
2.2901716703256096,9.362108342753537,1.3081468301988266,3,2,1,4
5.6554151657711165,6.984030431703864,0.5936295608370885,1,2,1,4
9.878106898673847,1.293773977125537,0.9371423746162975,3,1,3,5
3.7602520712853766,6.026660276753921,0.6716819396729048,1,2,3,4
1.4210181465767895,6.797031438348583,1.735369400456448,2,2,1,3
7.469650567596401,5.615387598926336,0.4301539278296165,3,3,2,1
1.0655363995489795,2.4674623236311337,1.0817097782169767,3,1,1,4
8.962393683662995,4.881453270633215,0.3667024481463823,3,3,1,3
1.4388679748562068,8.436402307922734,1.3141889401237707,1,3,3,3
8.720598419080085,4.529644111523172,0.34825024923563697,1,2,2,2
4.407691056205765,7.708193466945971,1.2876484336303944,2,1,1,5
6.990799850315272,9.33061119956586,1.531470720258001,2,2,2,5
5.6120853649355755,9.399299056375444,1.7640012022034444,3,1,2,3
7.123044752341159,3.9391123538793025,0.15991207135756058,3,2,1,3
4.738403859939147,2.3805578899554996,0.06420835274212089,1,2,2,5
3.5458235971272267,1.3014838652154703,0.7519314882138548,2,3,2,4
7.831275054330836,8.402874240092512,1.093084393569704,2,3,2,1
6.080046972442418,6.849265580683685,1.7326087461731403,1,1,3,4
6.80523448849569,6.138371722447854,1.5618236915670733,2,3,1,5
3.654232943832472,5.294563960724586,0.7354843031313796,1,2,1,4
2.573539973842199,3.2756918002808746,0.8465179241470577,3,2,1,4
3.616161880663225,1.7186667305999193,0.12623839675211235,3,2,1,3
1.1265815456578445,1.8559013029414735,0.7123781919256575,3,1,2,1
1.0121084266646094,3.7430237019631365,1.4149629793933873,2,3,2,5
9.737836048693977,8.480246002511254,0.6818345327890534,1,1,2,3
3.317323333705761,7.594485582829308,0.5427263358447134,1,1,3,4
6.916994731237577,4.903841677013116,1.9560988933328207,3,3,3,2
3.933212105196136,6.50214368834434,1.1886161556953787,3,1,3,3
7.947495963930337,4.595792179085306,1.1542778891394565,2,3,1,3
4.618186622074065,2.8040519412153277,1.6540730474391523,3,1,3,1
4.308781102975125,9.367504398864194,0.19278636300550667,3,2,1,5
8.604652248732187,9.815125591578825,0.8224890809244252,1,1,3,4
7.8553608070655745,6.136662508818305,0.8049695516735849,2,3,3,5
1.7689223850854874,8.373580090452508,0.4707684575918716,1,3,2,4
9.519122671565857,9.268601835630172,1.6243644815579852,1,3,3,2
1.5980260916089002,4.8497500921591055,0.8877833643046922,1,3,2,1
6.472598723846973,9.346984126345667,1.950863779917543,1,1,3,4
7.625058227749352,7.832671252969661,1.6929366939473118,3,2,3,4
1.9170634207842745,2.3283568321152748,0.7925964342960985,3,1,1,4
4.406029575534402,6.058448062110714,0.917372984110824,2,2,1,2
6.4639448569244005,3.5367147623746407,0.26559832026724606,3,3,1,5
6.664999849803498,7.516955091386566,0.020395146325955515,1,2,1,5
1.4635342910708837,5.637246745902914,1.8346659388223088,2,2,1,2
9.84220706526627,3.2013272302203175,0.6266947323022021,2,1,2,1
4.658715221099458,6.218451124351123,0.9182240569855993,3,1,2,3
6.382318565396267,4.493386025923559,0.8207610389777475,2,3,2,3
4.451021621578253,7.590388993024983,0.9629581614605269,1,3,3,5
3.6957830669073717,4.358890314736905,0.7128925594629127,2,1,3,1
2.1523111335130056,9.711287493524926,1.5603706060098497,1,1,1,1
2.594811203050043,4.591270456919198,1.2842318811370779,2,3,2,4
4.020304224588109,7.529162133316521,1.5426341931925067,1,2,3,5
5.498217631382932,7.182461663051939,1.6042586739432652,1,1,2,2
1.9535025985340915,6.783788005935494,1.1151570345158905,2,3,3,2
6.491438759131007,3.5834039997409213,1.8968410115766974,2,1,3,3
5.855221450044311,5.803405419387055,0.19163583765995296,1,2,3,4
9.128449684191272,9.876372891713062,1.6907030471457418,3,2,1,4
3.5569263336556354,2.5332608314137097,1.133299741973786,3,2,3,3
2.217527484402692,6.02088347134278,0.3720310961517075,2,2,2,3
1.8005036840594109,2.4920445253449204,0.21679687010877835,2,3,2,4
6.361161911987913,8.900812272167421,1.549863086201636,2,3,1,3
6.492948329470737,8.530130474990504,0.6153586052868396,2,2,1,4
6.597456814182793,5.088025182180758,1.9535113930370693,2,3,3,3
4.744151182200746,6.352469060904599,0.6049511278689819,1,3,3,4
8.710739161933738,7.109266529347318,0.8507891966647234,2,2,2,3
4.168024568848143,2.789187118719124,1.0993040257729993,3,2,3,5
8.23556961269559,9.320472317349864,0.9483796713826342,3,1,2,3
2.7460289495467656,1.5916758321232147,1.6560561342952913,2,1,1,3
3.165036222563932,6.2793044384255,1.7078840025156252,2,2,2,2
9.151723004718015,7.3542802625968715,1.0622829722332077,3,1,2,2
8.83137169770597,8.89471871247941,0.8951220689641961,3,2,3,5
9.67281920560275,4.027201222061941,1.6326022276977854,2,2,2,3
2.2694826906635894,4.575679972552551,0.33887354806065706,3,3,3,4
1.6813846240325483,5.083122014336144,1.2446760016935525,1,1,2,4
9.397240165995322,8.883865611214517,1.2466245701326168,2,1,3,3
6.3879331432581665,8.736848256927534,0.1055354408288931,3,2,1,1
7.901025125190953,3.375846904320764,1.223241530308917,3,1,1,2
3.482438214720051,2.649340799772556,0.5300307992981004,3,3,1,5
7.700136294374361,9.864988398160726,1.9458656513127897,1,3,3,1
7.95308935292832,8.5337435742351,0.5722073026250292,2,2,3,5
3.9930557508451816,5.6233715252398975,0.3151158084506358,2,2,3,1
9.249856501991202,6.712959898767504,0.2727805783723576,3,1,3,3
4.447833617183997,8.870948147637328,1.1271057173543133,2,2,3,2
5.704384058061085,8.797548986926955,0.9390378564189619,3,3,3,1
8.997812800542597,5.882835461890772,1.8675431097200572,2,2,2,5
1.9834834073722825,3.3185893126377968,0.5456392058311688,3,3,3,5
5.021017771443665,8.904539473398653,1.7728368872249065,3,1,3,4
8.844591476232303,2.7490433223940145,0.15143389553090914,2,1,1,5
5.124433513634543,8.579174329735931,0.49427958119958637,3,3,3,2
7.385019599166435,4.091806147318708,0.36840256458224063,2,3,2,1
9.974333815621542,8.151644398198261,1.8063755626005806,1,2,3,4
1.7351369249245008,5.389343457168824,0.8167657201412679,2,3,3,3
4.607978743724868,8.712793154677282,1.2228881887102678,2,2,1,4
8.408931389324422,8.603169709968187,1.3749470549692342,3,3,3,4
6.554425865477109,5.38826610670254,0.9196188831279328,1,2,1,2
8.458851000567073,2.892873243500216,1.6873995548376273,2,2,2,3
9.973066352562693,8.271373797491298,1.4356826904538496,2,2,1,3
8.966011368596162,2.570019640440398,0.21873115663006204,2,1,2,1
8.490751599635416,6.265341765415469,1.83981807476696,1,1,2,4
4.728077692351205,6.364959809413949,1.0442991507638264,1,2,1,4
2.8436962872105753,7.828643632025325,1.8667675225066922,3,3,3,5
2.67985771239577,1.7927295085899189,1.4755922223546574,2,3,2,1
9.513401929472202,1.8402690987113395,0.47731512864287473,1,1,2,4
2.7211062921213554,6.346704729375279,0.42067792178950625,3,1,1,1
5.214857673140583,6.873908947772962,0.257043481191094,1,2,1,2
1.546756540577936,9.569683934998963,0.34652005500512195,3,2,2,2
4.845551531400968,3.7054157715118654,1.9322215753357361,2,2,2,2
9.651468339389531,8.25649067404667,0.18726912894913572,2,2,3,3
8.722648957629296,9.71865175667208,0.14638959679683516,1,1,1,5
7.30175846921313,3.5768419299798806,0.425917051724104,3,1,2,2
8.707730012407744,6.287909859011869,1.1987859569901393,2,2,2,5
8.807555163731442,4.530251258033006,0.12448686242292384,1,1,2,3
3.5201813069240924,1.216999447917631,0.5297425480931717,2,2,2,4
3.105625663814358,4.522148755575662,0.8680589050891432,1,3,2,1
2.9606014272248427,7.408719509743856,0.6563142976564913,2,2,3,2
1.1632565004448199,1.4853029340036878,1.6252115566795293,3,1,2,2
6.9815574901345405,3.0971798690756387,1.7039962553562553,3,2,3,5
8.921916415794811,9.33430957977119,0.4130242763280787,3,1,1,5
4.63127430668207,8.425278511382547,1.9837601355365813,3,2,3,3
9.098083814321203,1.9248301856718726,1.9471274847051212,1,2,2,3
4.331600440786959,2.6870830941083277,1.0779939569421226,3,2,1,2
9.563948317254772,4.102153107456857,1.734910540249665,3,1,3,3
2.639872728014682,2.914619884199283,1.4979269335974248,1,3,1,1
4.134408731609222,3.3877216918904924,1.9308631047208067,3,1,2,5
4.806897181599343,2.899212899693911,0.7642804702575412,2,3,3,4
3.2709486633478324,5.859128348347594,1.1991107691993896,1,1,3,1
7.399572128136573,1.9568672764702328,0.6847926477860045,2,2,1,4
3.9086398118558163,4.524020699931353,0.27214777269182,3,2,1,2
2.825106088346759,6.393499125868004,0.4047620148131521,2,3,1,1
6.020513039597856,3.831978785247175,1.6391093118389883,1,1,3,2
8.221508396190524,6.196493068192236,0.6797253897822717,3,3,3,1
7.727571603657721,9.9800430482001,1.3077825803108085,1,1,3,4
5.401238950277851,1.5915983052866851,1.5776980028108987,1,2,3,3
9.948314905111964,4.817771524994139,0.9176272271992236,2,2,3,2
6.091099292079513,6.944403040661102,0.1598976384358164,1,2,2,2
2.5077326440663392,9.521152067076379,0.8248179001358653,3,1,1,5
6.093505454569687,1.8578924389848108,0.41062836765693334,2,3,3,5
3.920583510011368,5.355334668341392,0.4878855206681989,1,3,1,3
2.4886396707043197,7.476566141733099,1.1635040295879076,1,3,3,3
5.394488471438417,5.020149277945572,0.3823854073681998,2,2,2,1
1.5559213625338466,9.288271359958948,0.13985238936740596,1,2,3,4
8.456827191661276,2.8526464502342304,0.5983701781029178,3,1,2,1
5.596297230625684,2.776092464381069,0.27349142864942055,2,1,1,3
2.4177140768088474,2.1300340391912624,1.898267614992563,2,1,2,5
2.2473123554692536,2.299420429823012,1.2720730355152994,2,1,1,2
8.373316883683575,7.965778161657562,1.0926838376454193,3,3,2,4
7.965380124883702,8.233808695806337,1.7803955102899147,1,2,3,1
3.9532393503448233,9.96110372496309,1.9608620087731834,3,2,1,2
5.770249340666375,1.219212974155681,1.4127883931639993,1,2,1,3
4.846063991022586,5.210573365226513,1.1464480469178993,1,2,2,1
1.767637959343797,1.478965531995316,1.0257845728885857,1,3,3,4
1.797374614637512,7.68931035446863,0.9731710771638937,1,3,1,5
6.208100218909205,7.509525121220943,0.11237146264675535,1,3,3,3
9.015774834755732,9.203365411494646,1.510499111345325,3,3,2,2
2.249787333959139,5.73610626157934,1.2939016413313333,1,3,3,1
5.315309685699181,7.72642322947504,1.2208226849451447,2,2,1,1
9.434069903174912,6.236691821522232,0.23168290656203006,3,2,1,1
9.796883038921333,8.928398018831093,0.37526320397157176,1,3,1,2
8.060475193432557,7.723013256044114,0.7415774705964606,3,2,2,5
6.859989022721175,4.708397145380832,1.969547467640034,2,2,3,4
6.29201859689034,1.6966354692892378,1.1937029547143083,3,1,1,4
7.262357365237259,7.966776874796485,0.5006230832523737,1,2,3,2
2.902746420818205,8.89451956719484,1.7719751030429503,1,1,3,3
5.819438564395013,5.362494352923319,1.8840860842797311,1,3,2,1
6.584984907469401,8.342351124203452,1.5788244287221513,2,2,2,1
1.6954483179515263,1.5935981904969876,0.27800924802986193,1,2,1,3
4.245996142722019,8.165417052823615,0.9437311358502649,3,1,1,5
7.017386026548328,6.436237589318699,0.9356416720818357,1,2,1,1
7.159388717967589,4.7411293192722725,1.522058989081233,2,2,1,1
3.946026189923362,7.762817787173491,1.9707911219384753,2,1,2,1
1.2172759114556126,4.515036229357928,0.2817123558696655,1,2,2,4
3.386094641548482,5.345485649603184,0.7824655892992061,1,1,2,2
6.701330058860164,7.923159486213491,1.180936864121424,1,3,3,3
7.101086477432815,9.924270377592645,0.6166375884666229,2,2,2,2
2.666716022523208,5.93603776047266,0.3012837281831864,1,2,1,5
6.99363202568266,8.460325910837106,0.07327713761427135,3,2,1,1
7.563288249303019,3.022559359155832,0.8586664304069624,2,2,3,4
5.414038195092779,6.417181607655777,0.04659256144827273,1,3,3,1
4.9189884960651415,2.590990155231518,0.4993027185914032,3,1,1,5
4.765470717780448,1.0409354220925024,0.5072320267734993,3,2,1,1
4.853205630900579,5.198374945134547,1.2134101941916173,3,3,2,4
9.989193476245243,3.63302538865041,0.46575420277894364,3,1,2,3
3.015377158507689,8.518382494605577,0.39675113593085354,3,2,3,3
1.682477790060685,6.859689124069051,0.5520668997109561,2,1,2,4
5.946377456638053,5.654793012739418,0.569799441299861,1,1,3,1
8.61285255617187,9.431972266671764,1.743767466505898,2,3,2,4
4.072689731020459,5.440154863370363,0.2023392293012627,1,2,2,1
3.104362276420403,9.63255014936771,1.4076318775524723,1,3,1,3
2.03811854208228,9.567970266726602,0.3769779242606286,2,1,2,5
5.642308201856504,4.381975212365827,1.5659080109241852,3,2,2,5
1.2237124098348815,3.715590566092277,0.9004932927736222,2,1,2,1
7.865521604547959,8.350051100530726,1.0820351362602292,2,3,2,3
8.93477231601317,4.90533000165807,0.13990886305380612,2,3,1,3
6.117142079977381,6.906569154251779,0.38818368810918313,3,2,1,1
3.566550129972903,7.766327390898765,0.1137035678326519,3,2,1,5
6.616892620784601,6.8229538979950375,0.9363305818145182,3,1,1,2
8.990055613800195,8.835087768889727,0.45041830380401504,1,3,2,1
4.425419852886485,4.687973179032428,1.8211221244970717,1,3,1,2
5.958177255173833,6.8906385275260345,0.5196592420737209,2,2,3,5
9.994452128543818,6.272701795166136,0.1324443102070041,3,2,1,3
7.46878863090198,9.295554923144108,0.4716089873618998,1,3,2,1
9.34695335115448,8.541343899013206,1.4737049727606786,1,3,1,1
9.909530833529308,3.7347173828547127,1.717179307365319,3,1,3,2
6.714049656229168,6.418926930162764,0.858824290177461,3,2,1,3
2.877921659611436,6.095774557593009,0.22844944435632208,1,1,3,5
8.166294311833422,9.335027849628192,1.0189270297533919,3,2,1,3
1.057965987759776,6.392024235724297,0.7838716241954609,2,1,1,1
6.15022978700823,5.364667579302675,1.8315244301997617,1,1,2,5
6.6784360794256665,2.9155345103713177,1.4412090260065384,2,1,2,4
2.2370120683712464,4.976909087977262,0.9891904101914895,3,3,3,2
8.052752479464509,6.838466049971923,0.16275194501007695,3,3,3,4
9.041384170851725,7.396771696892684,0.20721816496900014,3,1,1,4
6.902172732394499,3.126979062192592,1.851071550502757,2,2,1,5
5.9810604528281175,9.836393717848718,0.9018250114499877,1,2,3,1
1.0297391260555881,7.4768244570117535,0.19530985383741006,3,2,2,1
7.006215667039499,8.269744248572044,0.25123106340751944,1,2,1,3
2.377958100044173,9.49907096367401,1.1228848490222485,2,2,1,5
3.027816787018672,2.5426462607979863,0.8606950357921894,3,3,3,3
5.103020971097177,1.6162662773370426,0.5318101161929953,2,3,1,4
9.869096140499693,3.9367526062634335,1.590450950247658,2,2,2,5
7.324722333084124,8.561728420860527,0.856265107025505,2,2,2,1
3.637924328882543,4.593941459999989,0.4646915270312968,3,1,2,4
6.617042794124088,7.951141030311362,1.2885181323987502,2,3,1,1
7.458949466389401,1.50397178912652,1.082283684608879,1,1,1,4
6.735857876540087,6.9291763920915885,0.7804271189120906,1,3,2,1
6.382847131337879,1.6645929745466703,0.9130435303006699,1,1,3,4
7.501528159066457,1.3786816705509404,0.7974512094382074,2,2,3,5
2.523702302976065,4.5299501018589705,1.8478518821049323,2,2,3,4
7.135658519756449,8.353531519174677,1.706454080900145,3,2,2,3
4.430600173858519,1.7362437969002553,1.1692459098729764,3,1,2,2
4.238654276321429,5.11836751477011,1.3400370885145763,3,1,2,3
9.840651434381883,8.940484274651702,0.002461470914844721,1,2,1,2
9.863586636863536,9.303978344962143,0.4248989209974374,2,3,2,2
2.3309813127843197,5.983658222302612,1.8081643073560485,1,3,3,3
4.210476541407427,8.089073704993925,0.9407440480733149,3,1,1,3
1.5286122732292777,9.95293404501954,0.3286494251477219,1,2,1,1
8.157357052816174,2.7459631297926146,1.8779287707930712,3,3,1,5
3.1221407587099925,5.992306844699428,0.02440386394002103,2,1,3,1
6.971588233930436,7.1266824232870905,1.5932825976832308,2,2,1,1
3.886957103620461,9.370593522445139,1.5722798524372985,1,1,2,2
2.256860610524737,9.526967626993864,1.9299252228564658,3,2,2,2
5.907000259487202,3.6936148098432104,0.12861160347661693,1,2,1,5
3.209041468838479,7.6526807277555555,0.9861679678032094,1,2,3,4
2.473795648212944,5.569809505526003,1.0861482915506566,2,2,3,2
8.697339405010936,2.427650737606823,1.86137472887827,1,2,3,2
8.78494056438832,6.113163380193067,0.7890797427705516,1,3,1,1
6.506366834909697,4.451147007196515,1.1887966259457505,3,3,3,4
8.267868646068521,6.988728444856573,1.8827796123435543,1,3,1,2
6.964574829743672,5.175781399972823,0.9130461772808101,1,1,2,2
6.634557108187656,2.5073912364734428,0.8132086709106034,3,2,3,4
2.351648063112486,4.348701235754863,0.24480140253241522,1,2,2,1
1.77360982315939,9.132951065407516,0.0887152003697449,1,1,1,5
5.9203824068158655,2.58829646634406,0.9415120607197902,3,1,2,2
3.6455371378859773,8.963725710919228,0.5874762503866744,1,1,3,3
1.9212397737476263,8.390609188132416,0.7865463294490977,3,2,2,1
2.0484207140681194,6.756234176620562,1.9662339930322876,1,2,3,3
9.460997147083368,2.3386496110873205,0.8742841888406596,1,3,1,3
8.463966337940622,8.435051550595052,0.37957799091414657,3,3,2,1
1.4333612109312486,3.3056070712296064,1.546574294981756,3,1,2,1
2.5046768545205103,8.139679368753885,0.7462621054738885,1,1,3,4
5.028210496089138,2.583111376397991,0.13701685750694237,3,2,1,5
6.5445253758765745,4.744495576636357,0.07652261671043536,1,3,1,1
2.633369206154523,3.026174164125676,1.0885078819239067,2,3,3,5
7.48877863945467,2.93469107965884,0.7367216021549721,3,2,1,5
6.034633249701562,5.8824774874935475,0.04956117898414991,3,1,3,2
4.47232071280985,9.131529581424065,0.15760286788395583,2,3,2,4
5.166547161209824,3.858115683404577,0.11501247167052475,1,3,1,5
7.58778823691445,8.259995184673823,0.07937071397066231,3,3,2,5
8.95753687436559,6.873443656775143,0.11014606792869142,1,3,3,3
7.83089169907823,8.766163914321176,0.6280235600149928,1,1,1,4
5.357514825792861,4.907895379235493,1.4975222550923393,3,3,3,1
6.6657590181391955,4.081208635269574,0.5641228321709459,1,3,3,3
8.975636329497195,8.422806468168215,1.371366146083569,3,2,3,1
4.016057011970565,5.3678314101671845,1.62946545158891,3,1,2,2
6.196082805135943,1.66495307483786,1.8418922764710535,3,2,1,5
1.7171645087674714,2.5354722036764556,1.899810830739457,2,1,2,1
4.79769433894131,9.226608437061765,0.5770730301070672,3,3,3,3
3.776326329496051,1.5150147775938052,1.757543210167892,2,3,3,5
8.610501391838618,8.094882206223826,1.9010920184480873,2,2,1,3
7.1417879343330375,6.201090818616632,1.728037212408871,1,3,2,4
6.553821236963183,5.631876041905185,0.3903890038109117,2,3,2,2
9.325185484234664,4.001269368471936,0.015333170309114186,2,2,1,1
5.254664202282742,1.1738431412352117,0.6966830940648194,3,1,3,5
7.237185917022566,1.4303656837121217,1.0109586198929401,1,2,2,1
8.082246640199646,7.803425233827331,0.5654520226346036,3,3,1,2
3.3349802883360624,8.104489176914822,0.11830370079578367,1,1,1,3
1.7667945380385863,7.7116854018520415,0.06294729211964478,2,3,1,2
9.286159228867566,6.611031673707306,1.8840174272629047,1,1,2,5
7.376644469870994,8.127695743736602,0.427549600496097,1,1,1,1
7.062017727992162,7.494563999677466,0.45359612210253997,3,3,3,5
5.442414524318251,6.489042548172043,1.5516939760495736,2,3,3,2
6.590873275414575,7.657744003953666,1.1440947510918063,2,3,3,4
2.9318856996219305,9.418953385520245,1.9813716199419065,3,2,1,1
9.811451695119413,9.836842181743787,1.9641458692699907,2,2,1,3
5.163876125756326,1.6741188638406672,1.0810549675493157,3,1,1,2
3.245927091296907,1.7382355781842636,1.9347627082720371,2,1,3,4
3.8889359315110945,6.89338738820137,0.3969636427139005,2,2,1,3
9.684588504120983,3.799121709692715,1.9070383922607774,1,1,2,4
7.453537157145984,8.876494950019264,1.8279251527204048,2,1,2,3
4.191595705172828,1.865890143908758,0.8130603160095107,3,3,2,4
9.182954075047949,6.387023126441028,1.4194347294305907,1,3,2,3
4.778827658173856,7.292350677627381,1.3678424386159986,2,3,1,5
3.5675720794898425,4.194229595485901,0.6563960800335722,2,2,2,5
9.718175190725539,5.918871081161329,0.4948940255567773,2,3,1,4
7.39908712221761,1.7634213775176653,1.8139453811150559,1,2,2,5
1.219950568930279,1.022656292519358,1.2786117465605509,2,1,1,2
6.346044182112838,2.40286056440074,1.826637820394223,3,3,2,2
3.438840392938627,4.2570461434028335,1.8662523827750523,3,3,1,5
3.083519947038889,7.5294804203126375,1.6973770218042163,3,3,2,4
4.586081502909347,8.70720592065009,1.8881601373129977,1,2,2,3
4.257059362400132,8.182067103555818,1.3458148271816655,2,1,1,2
2.53364123060613,4.270437392563332,1.715793273229627,1,3,3,4
1.6220141747958712,3.3233059682294592,1.747292706192169,3,1,1,4
3.7131010511258005,2.228797287981507,1.6945317702563978,1,3,2,4
8.12757877192055,9.957383924857318,0.36469541101269987,1,3,2,2
7.4887858528609135,3.7769639220073756,0.31607087250946697,2,2,2,1
3.266868820292348,3.980844907971456,0.9307247243895052,1,3,1,2
2.620160358023792,2.7641640474265428,1.6710087658079515,1,1,1,2
6.4435486745641235,2.3532075744547964,0.3834346871583787,2,3,1,3
1.941128543226026,2.9434553595144832,0.3369351742355988,3,2,3,4
9.451950672599782,9.903800705028425,1.3760914154882593,3,3,2,4
4.060615599871401,7.848085449066719,0.25861446100059826,1,3,2,5
4.051367298447255,1.8383574111975451,1.4725048487262136,2,2,3,5
3.5931927716640293,7.226364938424843,1.074359013183446,3,1,2,2
9.84294497553524,3.443221663243632,0.5987579974682051,2,1,2,5
9.231162383567707,4.607681129509348,1.3993839209438583,1,3,1,1
3.5408229356202634,5.728067892084226,0.4766123516019076,2,3,2,3
6.581063174224949,6.229371120417731,0.3173221579460346,1,3,3,5
5.970696811912606,8.63114118279183,0.39019941366164357,1,3,1,1
4.622753693731081,2.0044284617084522,0.282131032987629,3,1,3,3
9.060104070299328,1.5573806672644301,0.21856380016771149,2,2,3,4
2.632196403298401,9.097497815150069,1.616220649595001,2,1,1,4
9.59410888943684,1.6401475264363552,1.9826334395091336,2,1,3,3
6.76649022009936,5.04751119813964,0.19360477229399708,1,1,3,3
3.27671666344843,1.4817891733662634,0.8935805533435697,3,2,1,4
5.284989016337073,4.014476773757474,0.5932279542748844,2,2,2,5
8.675137994724123,6.4148402142796614,1.6080986141141518,2,1,3,4
1.1714628716118294,6.208330889065078,0.18584080711714135,1,3,2,5
3.81431382283003,8.74349181421878,1.8335157145747694,1,2,1,5
8.533223241093474,7.161908670559109,0.14714373603158082,2,2,3,4
7.32605108588286,5.9694599139801365,0.21231979907456755,2,1,2,2
8.227158528706454,4.949406753398904,0.10133585109305199,1,3,1,2
6.469506848444033,1.6583555716164478,0.17437011664995317,3,2,2,2
3.0591914133538,3.895090938809455,1.170383209231422,1,2,3,1
4.69379955087936,4.292580019444372,1.9161607771083327,3,3,1,4
7.29608094442572,6.636596455033505,0.40944206847173237,2,3,1,2
7.491228591782094,9.550756110358504,1.7962966664934348,1,1,3,5
8.633603467016632,2.431442121406957,1.1960756593298725,3,3,2,5
9.487210734961232,8.847237687515072,1.3440274861082893,3,2,1,4
5.147620101268359,2.230324411296249,0.19038415093628647,1,1,3,4
4.39946212892778,9.648784803734333,1.5129716920444067,3,3,2,3
2.4871935191352748,7.2532524267255205,0.2789270342209773,1,1,2,1
1.5802683288648562,5.218198271487842,0.1291113873123546,2,1,3,5
9.111227765800486,4.735520498195195,1.424871778889378,1,1,1,4
1.7180806023067965,9.12918534733753,1.1522194954697729,2,3,2,1
7.916281999099662,6.602910064660599,1.0596156660381117,2,2,1,3
6.4861940095662955,9.78820189267922,0.22087139265138878,1,2,1,4
8.356138594648202,4.771745225707599,0.8844037829890448,2,3,3,1
6.975562450506722,6.943129522717439,0.4365727831852111,2,3,3,2
4.6701382838100844,2.619330914952285,1.801938947316704,2,3,3,2
9.724743284942479,4.958822062036467,1.2499840301354475,1,1,3,5
5.3561681316363305,6.556499195943339,0.4757963018600051,2,3,3,2
4.128049462197997,6.2189647441518865,1.858063620503025,2,3,2,2
7.050400704329709,4.541493430646941,0.5351883508923096,1,3,1,3
3.5015382641987016,9.669225792240946,0.4314010508213124,1,3,2,2
1.5753487907530916,1.9014729000954533,1.3210237613147886,2,2,3,5
3.018945578367146,1.0768312676851846,0.8858015465955853,2,3,3,1
4.080206833726065,8.474516123146072,1.2466460008846905,3,2,3,3
5.727620278460405,3.4842776025678623,1.7660832818126382,3,1,1,4
3.4632768007389085,5.441118049469592,0.4712415475355074,3,3,1,5
8.139220187977044,1.1965829978496942,1.0362642670885713,2,1,3,2
6.489858890891479,3.6225470354333016,1.7327852671858508,1,1,2,5
5.316349255549428,9.363191379257001,1.0229791533110526,1,3,1,3
4.16948732274993,3.553161280523334,1.4297663185873688,2,2,3,4
9.735360883540128,6.511182436937584,1.4349469978830727,1,2,3,2
3.2789091461741244,8.794204652908537,1.5660286187823518,1,3,1,3
2.060473265619388,4.139417215557361,1.281564865425836,2,2,2,5
3.1904345339917874,8.237445510893547,0.4227731122839735,1,2,2,2
2.009397896605904,1.7638058324199128,0.7614939248994859,1,1,1,1
4.073151820745368,4.015087451511662,1.0747219206475538,2,1,1,3
6.620646117234228,5.739280618548389,1.9243770815557186,3,3,3,4
2.3173413814457398,4.215262931233642,1.7758218802732844,1,1,3,1
7.801805834173422,6.922751711115404,0.008903610014746377,2,1,1,4
7.74254100236741,6.223210551635061,0.95601391407908,3,2,3,5
1.422131046722909,1.505696074801972,1.301911391656828,2,1,2,4
5.20391700372992,9.537046912710485,0.1816498812183489,1,2,3,4
7.7682526891875305,8.104270864340851,0.10620759621421683,1,3,2,2
5.568011022502751,7.424312889600389,0.7482071473617877,1,3,3,3
2.9554949575811507,1.9894350250768467,0.8487915612797139,3,3,3,2
1.3465070571986621,3.42652082780591,1.6593658138743963,2,3,2,3
1.55628402795455,9.609426331665112,1.7740285085344223,1,3,2,4
8.623624392032404,2.938236607813564,0.8380338456310934,2,2,1,5
8.6940067081335,5.433270932064299,0.08732109474118377,1,3,1,1
9.423850734593978,9.482247649203911,0.32444503376855804,2,2,3,1
7.348395452657419,5.982277236231181,1.3078492405292492,3,1,2,5
4.317799785675732,7.452567854718916,1.7486353246617983,2,3,3,5
3.4245564048238846,7.514183946145503,0.5688077538208802,3,3,1,2
9.347965764324089,7.090525160043126,1.629510628613192,2,3,1,1
5.043215626042423,3.521880180100979,1.088622358603082,2,1,1,3
2.862955794362553,2.1908119765755947,1.6034915514972565,3,3,2,1
1.1786845318776806,6.252486280397621,0.24413474112888456,3,2,3,5
3.9405750985856742,6.455538792022576,0.47566010548661186,1,1,2,4
7.060772581025393,7.887041244089354,1.9285020858298871,1,1,2,3
9.181810336161664,9.643208664082943,1.931890519847877,2,3,1,2
8.73223239964021,3.78368363737173,1.32039078401352,1,1,2,2
2.9130194135324023,2.733435485167881,0.35785569019890606,3,3,1,2
4.25823249110266,2.8505624036309882,0.9051251088699948,3,3,1,1
4.24324096585299,4.444357849509357,1.2742587367386182,2,2,2,2
6.572757070430734,8.56320131868598,0.69661823173086,3,1,3,4
9.428505454621433,2.5186732935890337,0.21245370278117348,2,2,3,5
7.0145116005373955,6.672175167729765,1.3402966160352463,1,2,1,5
7.650546649089066,2.060688013204891,0.5494081803963102,3,1,1,2
7.21736914800124,6.078734679882429,0.8455725136475916,2,2,1,3
7.874836489003338,2.9435353622539253,1.2112148030556649,2,1,3,1
8.103049969106195,6.150907707318474,0.4480128414305351,2,2,3,2
2.9814975961962045,5.993564770595845,0.6491332740033622,3,2,2,5
8.773176849588722,3.6295510570333454,1.6599450942546226,3,2,1,3
6.35506641919387,7.262777142865679,1.8076655360182436,1,1,2,3
1.6898149722653812,6.959815716302686,1.2465936288730242,3,1,3,3
2.3894554652984588,8.145576531093479,1.3425676628058265,3,2,3,1
2.9956565451139032,2.5902181034979717,1.3584194515425316,3,3,3,1
4.92965016978782,9.55416180627437,1.1385477707574005,2,1,3,5
6.756060669932884,6.47354196331221,0.4650023731211095,2,3,1,5
1.6887006284099435,1.3658253126273254,0.41908507549938134,3,1,2,1
5.563188761566109,8.619052480161598,0.03376418827941441,2,3,2,1
8.902403430510557,2.448558896386408,1.807323187557005,2,1,2,2
3.349687113334882,1.3519065798534613,1.6865671529190431,1,2,3,2
1.0675435233824566,2.4679563888491702,1.9893962399285041,2,3,2,1
4.988990567358388,4.338498388469638,0.6214427136218785,3,1,1,4
1.448559052013036,9.050120275808682,1.9015644515885497,2,1,2,1
1.3441774159891413,5.496209731660911,1.0433008159103487,3,3,1,3
7.619280354844294,2.9284024750347597,1.9736212830001614,2,3,1,2
6.891163901232453,1.7846046411637595,0.34917438341541884,2,2,1,4
4.082396700905238,8.393949076002862,0.3144210971477024,2,2,1,1
4.188328537769516,8.875645891649778,1.886394722662977,2,3,3,2
9.083226047683844,8.57682350924137,0.913988368610396,2,3,1,3
1.6550686682938585,4.58023645931514,1.7364276726872387,3,1,1,1
3.2908137284224406,8.384872530304555,1.5357229310972063,1,1,1,3
9.658848788036572,6.033502659348317,1.347110652237254,1,3,2,3
5.788075294916192,1.0952200749449585,1.3164123095742837,2,3,2,5
1.3960594730594145,5.749834355822525,0.42980529249721,2,3,1,3
1.9980612678815284,1.4375919912183033,0.5412754031648019,2,3,3,3
6.495959436957597,9.477616796068538,1.3148111754130105,1,1,2,2
7.64229702702524,9.741030367991089,1.0858864251544826,1,1,1,5
1.7066388363215683,7.456165143529011,1.0863534062796172,2,1,3,1
4.477560636374185,5.5933384342863075,1.0071780779787072,2,2,3,3
4.860395025361633,3.8281283660721903,1.6087568710463787,3,3,3,4
5.392571145040895,7.85674285800894,1.1903563197673157,2,3,2,5
6.445568718201746,8.417082291586798,1.8167851606224128,3,1,2,2
6.3404636077292995,4.008176743644752,0.1146787206132982,1,3,2,5
8.180098219727043,2.48924712412739,1.2829896515304502,3,3,2,5
8.02504358067682,4.22721980202051,0.6649831024119732,3,1,3,2
6.577814639769793,2.6029956790007227,0.608968510155526,1,1,1,3
5.764354210646992,6.0487073902499295,0.1678367672517853,3,3,1,2
2.755818477867751,1.6372663965151797,0.9030261899930068,1,2,3,1
7.263845598901658,7.102799733294029,0.9323432166917542,1,3,3,3
2.5170096686945542,1.7189289300084543,0.7246693163380427,2,2,2,2
7.988139395732302,3.319949308815573,0.9135965523204956,3,1,1,5
1.1406514343422731,5.467217178669617,1.4328282151528742,2,2,1,1
8.869147168769707,9.909549474833778,1.8169509719342805,1,2,3,4
1.6546278268507586,1.0836925875651988,1.2275928640308371,3,2,2,3
8.89821817740479,5.01022734019591,1.3621807859962507,3,1,1,4
3.7596992634541664,6.1160857148152505,0.5865457580692963,2,2,1,5
5.285869332250261,2.7783694184089556,0.20261698714752052,1,3,1,4
8.240971563914858,9.82104591465485,0.11928297285085376,2,1,3,5
1.3833146832340337,5.561081720227738,0.742767215870761,1,1,2,1
9.441245792663572,9.772432304139024,1.5600930940028568,1,1,2,5
5.715714914844716,4.5378180786610125,1.4122990368370811,1,2,3,5
7.280647273313847,6.162919867861943,1.0865108650553914,2,3,3,3
1.6973304237974642,1.6259363613014783,0.7270547639591307,1,3,1,3
9.62381967406375,4.570119480842833,0.42507921737113796,3,1,1,4
3.4614495516996566,1.3378838686329193,0.6930697718514596,2,2,3,4
3.327163438033297,5.878230689659412,1.1511818951717325,3,1,3,2
7.497261765404846,8.558554364756993,1.3839904262610254,2,2,1,1
2.4764734549225444,4.460607690327544,1.6410354671803047,3,3,2,3
7.7653959436144095,2.510653436347372,0.5165702711592044,2,1,3,2
4.230349867273077,3.4352866473106576,0.3803750716579466,2,2,3,3
1.7896509206887115,4.94570123780145,0.9771391823835387,1,3,1,3
4.61395635200335,1.3619147390012902,1.608970699601718,2,1,1,2
2.0200049326646754,3.687896447262629,1.459404271708203,2,1,1,2
4.550510782523661,4.7889348910962735,0.33765616647932806,3,2,2,4
2.822467597302237,3.292492827841026,0.26411309894860957,3,3,2,2
8.454360992403485,9.013409242468962,1.2547593728469153,1,2,2,2
6.82830097411833,2.5701617152868783,1.8842019300608936,3,1,2,5
7.368862595392417,2.643435180337616,0.205726797045386,3,2,3,4
5.087422630171535,5.221389916239317,0.850839616546134,1,2,2,2
9.354352655334528,3.0128366146251317,0.8311069085695457,3,3,2,3
6.522930856639045,3.25472818843391,0.1240119535203934,1,1,3,3
7.389043709102009,7.433095096555495,0.889428714932069,1,3,2,5
6.823196725335536,4.511063680295952,1.2257083726268068,3,3,1,1
6.27060609471487,2.677576407026401,0.584483672774925,1,3,1,5
1.8371277797241503,6.214564155143093,1.568073770475417,2,3,1,3
2.634555819889692,9.801861677488045,1.3710953735494364,2,3,2,1
3.39105909631245,7.035357541600073,1.2223732233858413,1,1,1,3
