hum,tem,is_gas,per_con,is_metal,d_age,d_type,is_fault
93,-14.360954979254515,0,92,1,2,2,0
78,29.212177292881762,0,99,1,1,3,0
1,14.691139662664611,0,40,0,2,1,0
98,0.7817699500677691,0,54,1,3,3,0
23,9.810836497837016,0,97,0,9,3,0
84,24.925610951616903,1,36,1,1,3,1
2,32.94452603084633,1,82,0,1,2,0
74,-12.535760886264995,0,85,1,6,3,0
89,-40.487640267993655,0,10,1,8,2,0
53,-46.68486018728673,0,48,1,1,1,0
11,23.514687466990594,1,93,0,8,2,1
77,3.0666624020862443,0,24,1,8,1,1
60,-30.101499132876164,0,34,0,8,3,0
11,-30.051068770906465,1,80,0,9,1,0
90,13.566416842577155,1,45,0,3,3,0
79,-24.88969718068151,1,4,0,10,3,1
48,28.091456131478253,0,66,1,7,3,1
35,13.92750582373769,0,63,1,1,1,1
43,13.517163963296234,0,60,0,7,1,0
84,33.22945814484443,0,51,0,8,2,0
99,28.93822373561774,0,74,1,5,3,1
8,-49.78170517168344,1,31,0,6,3,0
7,21.909010579961688,1,17,0,6,2,0
78,26.888636345900792,1,85,1,2,1,1
45,9.490790902936844,0,95,1,8,1,1
91,29.837039295954924,0,66,1,1,2,0
26,12.751208539116071,1,83,0,5,1,1
15,-11.059011755081976,0,28,1,1,1,1
79,-25.515208968224808,0,41,0,10,3,1
54,6.3031143894024595,1,59,1,8,1,1
75,-27.34734863374356,0,33,0,6,2,1
64,32.53003504337131,0,59,0,1,1,0
82,-8.499582027337468,0,32,1,10,1,0
17,-49.75773217408274,0,78,1,2,3,0
70,36.39680079262067,0,34,1,9,2,1
60,-41.65939385057976,0,84,0,1,2,1
12,8.391837634163139,0,61,0,8,2,0
25,-39.270223014853094,1,61,0,2,3,1
9,-49.93386884430144,0,31,1,5,3,1
8,-21.50054772530921,0,9,1,7,2,1
36,7.293118676055201,0,98,0,1,3,0
51,-8.26466757559772,0,47,0,8,1,0
33,-45.62753442261768,1,82,1,8,1,0
66,36.583732181681555,1,43,1,1,3,1
40,31.90639223456921,1,7,1,10,2,0
25,8.976269893880776,1,16,1,8,2,1
11,20.359200283945952,1,51,0,5,1,0
72,-48.962840814822535,1,6,0,5,1,0
62,31.937210832567814,0,77,0,10,1,1
25,-12.941065827325502,0,91,0,2,2,0
81,33.162876336470134,1,12,1,5,2,1
46,-38.64017003415545,1,8,0,2,2,0
86,22.401593029163877,1,64,1,1,3,0
60,-33.03144486530003,0,35,1,8,3,0
55,-23.223033411974157,0,16,0,8,3,1
69,-9.966602879742155,1,6,0,10,2,0
32,-3.855754940866561,1,74,0,3,2,0
41,25.351606405507056,0,70,0,7,2,1
71,31.35339475128336,1,24,0,6,1,1
26,26.642396708109345,1,79,0,7,3,1
32,-42.77598330784502,1,64,0,9,3,1
5,2.1900075504151815,1,1,1,9,3,0
10,-43.082059489499656,1,93,0,1,2,1
41,11.651793130395731,1,2,1,1,2,1
54,15.379619213861673,1,62,0,4,3,0
31,-42.026821045040165,1,31,0,8,1,0
14,0.04085660637970534,1,51,0,1,2,0
86,5.882711173917194,1,36,1,8,2,0
74,-1.093167166504891,1,55,1,9,3,0
8,5.8826913652176245,1,30,1,4,1,1
51,17.27811659303228,1,49,1,8,3,1
94,16.590354516912612,1,34,0,3,3,1
77,-49.124701269040635,1,3,0,1,2,1
4,7.403602352469761,1,88,1,2,3,1
98,30.73492426434808,1,65,0,10,3,1
90,-6.856405829934005,1,69,0,6,3,0
28,27.588040363793368,1,16,1,4,2,0
75,-6.7032371486671,0,41,1,4,3,1
56,-16.577460352760752,1,23,0,5,2,1
87,-24.9804390323919,1,3,1,9,3,1
83,-41.08912464434917,1,16,1,7,1,0
53,8.734705248575644,1,16,1,1,2,1
82,-42.74319972948922,0,23,1,2,2,1
45,26.982722670051615,1,72,1,6,1,1
33,-6.640657385656667,0,89,1,8,2,1
52,4.060804384654155,1,62,1,5,3,1
66,-34.71598838136542,1,61,0,9,1,0
2,-32.978375982146034,1,54,0,3,2,1
55,-6.061556937111945,1,55,1,3,2,0
17,-1.345331142807872,1,99,1,10,2,1
1,18.723148484391558,1,33,0,8,2,0
55,-21.760754482854747,1,4,0,1,2,0
67,-27.676261496688365,0,86,0,9,2,1
57,10.26328125242538,0,86,1,4,1,0
74,-11.934768930097988,1,67,0,5,2,1
87,18.002955064105265,1,38,0,7,2,1
23,-2.793638529381809,1,19,0,4,3,0
73,-18.961845478435016,0,89,1,9,2,1
28,23.592478243077295,0,99,1,2,1,0
21,38.88482589487279,1,66,0,7,1,1
78,22.572840833220923,1,81,1,5,2,0
68,-20.839906625317656,1,85,0,5,1,0
24,-35.05067656082133,0,35,1,4,3,0
23,23.150718549772762,0,43,1,8,1,0
10,15.352005984171115,1,90,0,10,2,1
7,3.951233313497042,1,21,1,2,1,1
17,19.35235504262225,1,34,1,3,1,1
9,-17.829989437568557,0,8,1,10,2,1
63,11.917007273449968,0,59,1,10,1,1
62,16.775554223977636,0,92,1,8,3,0
51,39.50942899567539,0,48,1,9,3,0
29,-49.8363309088436,0,66,0,1,1,1
62,20.472632250688093,0,29,0,3,2,0
57,-44.198240494309935,0,64,0,4,2,0
35,-37.82238755626682,0,39,0,8,2,0
29,-25.545430096627534,1,68,1,8,2,1
41,-29.179327866038687,0,56,0,9,3,1
16,-47.42327772949003,1,54,1,6,2,1
97,39.12765805991256,1,52,0,3,1,1
4,7.37053033798837,0,23,1,4,3,0
75,-14.345606596994777,1,67,1,5,1,0
100,22.380979473048725,1,1,1,9,1,0
18,18.662721425986845,0,34,0,9,3,0
46,-40.209425246009545,0,6,1,8,3,1
31,-4.7897916590494205,1,78,1,7,1,0
88,6.351271513903782,0,2,1,7,2,1
59,25.899425228920407,0,67,0,8,2,0
56,-47.51367702579905,0,32,1,1,1,0
40,31.881352208261234,1,81,0,5,1,0
0,13.961839369220186,0,55,1,1,2,1
70,19.965672908970063,1,69,1,2,2,0
12,17.98506900854312,0,72,0,2,1,0
18,-7.365049635418309,0,13,0,9,1,0
77,-41.01308226778038,0,50,1,9,3,1
66,-0.2796060758481147,1,5,1,7,3,1
9,-40.820713638974595,1,32,1,2,3,0
7,-42.34166899806051,0,2,1,4,1,0
91,3.594132195276231,1,83,1,1,1,1
7,0.3839095909288517,1,25,0,9,2,0
97,-20.75826803470174,1,23,0,2,1,1
57,16.661920699514027,0,82,1,2,2,0
96,-20.707855804617086,1,61,0,10,1,1
95,-46.982925863667134,1,43,1,5,1,1
37,-19.41267390493362,0,37,1,7,2,0
85,-1.2010101823923733,1,38,1,7,2,0
33,23.17635250104547,0,15,1,2,2,0
76,-15.973569950715138,0,23,1,7,2,1
33,-21.014511394562142,0,18,1,9,1,0
55,18.771379222449227,1,29,1,10,3,1
14,2.109276093988939,0,51,0,1,2,0
71,-18.0166577110263,0,34,1,4,2,0
7,29.061927646217214,1,17,1,9,2,1
44,-20.49948670530084,1,67,1,10,2,0
89,0.23181244757268615,0,42,0,8,2,0
95,-46.811104073116496,0,91,1,10,3,0
46,-7.395238961648978,1,15,0,7,1,0
64,-21.6535009439848,0,21,1,1,3,1
90,-4.468694246446894,0,44,0,9,3,0
41,24.396061222583455,0,35,0,8,3,0
39,-31.244035658220206,1,5,1,3,2,1
47,38.134539396588934,1,91,0,1,1,0
11,31.34227726899499,1,88,0,6,3,0
66,21.833577529212377,1,68,0,7,1,0
1,-31.599422857579448,0,92,1,1,3,1
9,38.2526740343006,1,27,1,4,1,0
45,1.252798970117027,0,57,1,2,2,0
18,-21.41589181779294,1,9,0,10,2,1
26,25.914116989218172,0,45,0,3,3,1
20,-20.794204333572324,1,12,1,1,1,0
16,1.1934607263071797,1,0,0,8,2,1
85,28.91452521218021,0,84,0,5,3,1
3,39.004484492749185,0,57,1,10,1,1
73,-12.09780182508942,1,29,1,7,3,1
17,18.35095973962767,0,94,1,10,3,1
51,-39.89162849356406,0,17,0,8,1,1
47,-21.376578284739022,0,90,1,10,1,0
54,-6.269755566670511,1,100,1,2,3,0
13,-7.49768843097484,0,55,0,9,3,0
32,-21.980483616109776,0,5,1,2,1,1
50,-23.240879859604853,1,38,1,9,1,1
57,-1.308136483456252,1,9,1,9,1,1
1,-37.490913416455264,0,98,1,4,2,0
80,-14.21341185752074,1,86,1,3,3,0
40,13.817101383105097,1,49,1,10,2,0
66,-1.9643233107569387,0,38,0,1,2,1
85,-17.30017682704711,0,13,1,1,3,1
54,32.05417991230992,0,36,0,10,2,0
84,-14.672263854520004,1,64,0,4,2,0
34,-14.365436557955,0,34,1,4,1,0
10,34.58996842171827,0,68,0,7,1,0
99,-42.00639315164272,1,95,0,3,3,0
34,-13.646507111680272,0,79,1,2,1,1
63,-18.226972019673685,1,69,1,7,2,0
73,-3.285353529528564,1,20,0,9,2,0
35,4.316047287205144,0,96,0,9,3,0
11,4.927969744068463,0,16,0,3,1,1
63,-17.65200671212343,0,64,1,7,2,1
96,-32.85184470217098,1,41,1,9,1,0
53,33.76338531820765,1,23,0,7,3,1
58,-39.280692855454575,1,48,1,5,1,0
56,-12.642687277492982,1,61,1,6,3,1
12,-4.8361913287584315,1,97,0,4,1,0
28,38.70400597131301,0,96,1,9,1,1
67,-6.468419750930188,1,81,1,5,1,1
25,-11.310522367684506,1,92,1,4,1,0
34,-28.264924829206365,0,1,0,1,1,1
27,-10.042375252482628,1,95,1,8,3,0
35,12.578192506678135,1,56,1,7,2,1
56,31.67064841511244,1,17,0,8,1,1
18,-24.521858400070855,0,45,1,7,3,0
76,35.98193635086294,1,13,1,4,1,1
95,28.228020982001524,0,72,1,6,1,0
15,0.038817055271714196,0,97,0,4,1,0
38,-16.942528633408095,1,58,1,7,1,1
94,-29.636646779196234,1,8,0,2,1,1
54,-1.1289449033185335,1,23,0,3,2,0
33,-16.490047492556613,1,55,1,8,1,1
78,-35.82740228872209,1,46,0,6,1,0
12,-10.175515389615128,0,32,0,7,1,1
56,7.93559207141557,0,42,0,1,1,1
73,27.277981042626692,1,50,0,8,3,0
17,-44.60921402634118,0,75,0,5,1,0
44,-16.671287554683737,0,26,1,9,1,1
48,-46.27277480563412,1,30,0,9,2,0
22,38.61332764681224,1,54,1,1,2,0
66,-48.43108395628515,1,68,1,10,1,0
26,3.2422589269539444,1,55,0,8,3,0
52,-27.763900750981566,0,3,0,8,1,0
38,13.113163847911288,0,82,1,3,3,1
49,-7.475901101524691,1,87,1,6,3,1
90,9.483608020313156,1,93,1,7,1,0
85,7.850698466891366,1,15,1,6,1,1
97,22.63663510005628,1,15,1,4,2,0
94,-12.590214084244423,0,86,1,7,1,1
37,14.501946568122818,0,80,0,1,2,1
99,-11.459022466687877,0,51,0,9,2,1
60,-10.389168750901554,0,68,1,2,1,0
47,-40.79935357529483,1,79,1,2,1,0
13,-47.1513077561808,0,26,1,2,1,1
45,20.52076197376597,1,51,1,6,1,0
10,13.050151628192289,0,57,0,9,3,0
25,-32.8921475975623,0,58,0,4,3,0
56,39.47134550775742,1,54,0,1,2,1
82,9.40363483956665,1,52,1,2,3,1
43,-3.542550130763331,1,99,1,10,3,0
26,20.77909637363946,1,45,0,3,3,1
93,-37.26934843177745,1,20,1,3,3,1
100,34.79210517237361,1,2,0,6,3,0
6,23.80481404865715,0,24,1,1,2,1
68,12.981653167157035,1,88,1,5,1,1
58,17.88667301865631,1,83,1,4,3,1
81,2.1311905191074416,0,89,0,7,1,0
89,-41.80129946687207,1,20,0,10,1,0
27,-24.697282774488826,0,54,0,7,3,0
37,23.493287099509985,0,73,0,9,1,1
61,-49.58252520769875,0,27,0,4,3,1
36,-33.508457347914955,0,94,1,7,3,1
36,15.698341762815687,1,87,1,7,1,0
7,18.992022894787937,1,97,1,4,1,1
20,-15.62834356734735,1,40,0,8,1,1
32,16.930849229107693,1,84,1,10,2,0
22,-22.738092256390814,1,39,1,9,1,1
52,-48.38393836066864,0,66,1,10,3,0
97,-13.630594392039633,1,33,1,10,1,1
24,-31.264204793202325,1,95,1,9,2,1
9,-43.221849689786396,0,47,0,9,3,0
33,3.770734577489435,1,0,1,2,1,1
90,31.40057460366711,0,94,1,8,2,0
45,-49.762818092068066,1,68,1,10,3,0
44,-48.489813881832674,1,0,1,10,2,0
76,10.865499412945184,1,0,1,9,3,0
38,6.369197770880774,0,100,0,2,1,0
97,31.748278898974107,0,98,1,9,3,0
74,-21.745708491365843,1,17,0,4,2,1
22,31.59991082324629,0,78,0,2,1,1
63,-32.26662500904285,1,93,1,9,1,1
33,-28.430535899108296,1,32,1,10,2,0
91,-17.341820216691666,1,17,1,3,3,1
12,-44.95434958058219,0,27,0,10,3,0
58,29.388082883884053,1,4,1,3,3,0
49,-48.90795261783284,1,13,1,2,3,0
65,-42.85158752224679,1,21,1,7,2,1
25,23.233325990898862,1,13,0,6,3,0
41,27.145874927355806,1,49,0,9,1,1
99,-18.214257965103936,0,67,0,10,2,0
6,2.1640985770864063,0,11,0,5,3,0
27,-15.67756590610825,1,48,0,8,3,0
47,-35.68485609640578,0,40,0,5,3,1
38,-34.42250221882879,1,88,1,2,2,1
13,9.027214023682426,1,34,0,3,2,1
72,-26.648207585620938,0,23,0,9,2,1
72,21.87238740880261,0,89,1,3,3,0
32,-6.117126041782207,1,68,0,4,1,0
19,-30.108167757646623,1,83,0,5,2,1
41,-18.447572947907172,1,4,0,1,1,1
54,25.88396669214687,0,57,1,3,1,1
12,12.800746643261206,0,96,1,9,1,0
43,35.05703338037213,0,20,1,4,2,1
9,-25.589242723089928,0,60,0,4,1,1
7,-21.843745709116657,1,15,1,7,2,1
98,25.099899886779582,1,74,0,6,1,0
6,12.169658084249349,1,65,1,2,3,1
43,-43.99133021426592,1,7,0,10,2,1
88,0.2932120206294542,0,82,0,2,3,1
41,-14.45911416363002,1,17,1,7,2,1
38,-26.177213334719347,1,77,0,3,3,1
16,-43.94016362248581,1,62,1,7,3,1
20,37.63066362746157,0,85,1,4,2,1
40,-29.071771418765188,0,70,1,7,2,0
73,-0.8330498748803379,1,74,0,1,3,0
72,-46.98812006879751,0,54,0,7,2,1
36,-47.91205143580609,0,44,1,9,2,0
86,-28.82355332176718,1,57,1,5,1,1
17,0.32503044443555495,0,79,0,7,2,1
7,21.349720046132987,0,17,1,10,2,0
84,-28.50500650002438,1,93,1,6,3,0
18,26.17549525911211,1,47,0,6,2,0
39,37.39414930400345,0,13,1,6,1,0
50,-30.150962711334476,1,88,1,6,2,0
92,-49.97874023920754,0,83,0,7,2,0
62,-26.022465230140142,1,7,0,4,1,0
40,-42.49021069336138,1,96,1,2,3,0
56,21.904434414657132,0,7,1,4,2,1
3,19.114406147166576,0,53,1,9,1,0
75,-3.2722775926753584,1,72,0,2,1,0
82,-6.225625865193251,0,12,0,5,3,1
45,-19.441495335999278,0,47,0,1,3,1
8,39.4932347237759,1,93,0,1,3,1
10,-0.8589039784808747,0,56,1,4,3,1
68,-0.6849268677843341,1,47,0,5,2,1
68,-41.957276463800426,0,75,1,4,2,0
87,24.0246463527874,1,88,0,1,3,0
73,-44.633525282338425,0,100,0,10,3,0
41,-8.425882946445746,0,86,1,2,3,0
4,-31.320476267595875,1,100,1,1,3,1
91,25.90536780762288,1,83,0,3,2,1
14,15.378652497728922,1,56,0,8,2,0
68,20.502550302168714,1,33,0,4,1,1
43,15.649722217669037,0,32,0,7,2,0
85,32.66827036547892,1,65,0,6,1,0
58,-4.566640328561128,1,60,1,6,1,1
73,19.819285861992185,0,46,1,2,1,1
73,-2.227508462455191,0,32,1,2,1,1
76,27.998437808790385,0,56,0,6,1,0
2,29.792724337553594,0,55,0,9,3,1
86,-46.819559817048244,1,77,1,6,3,0
5,-5.219334321094557,1,65,0,8,3,1
60,-45.476353228845056,1,56,0,8,1,1
78,1.6272422294394389,0,76,0,4,2,1
45,-20.195608787505343,1,93,1,4,1,1
14,-40.37425179286048,0,3,0,7,3,1
21,-47.52588529061216,1,22,1,7,1,0
21,-42.01447471355578,1,55,1,1,3,0
50,13.579964734631751,0,76,0,9,1,1
81,5.694081180538028,1,63,0,1,2,0
56,-39.227211963519,0,100,0,8,2,0
54,10.346671355026317,1,80,0,10,2,1
73,33.137146055621145,0,59,0,9,3,0
24,-34.44190413706256,1,98,0,9,2,0
5,-36.81236709260228,1,4,0,2,2,0
37,-42.53424422441738,0,80,0,1,1,0
76,31.925410151991514,0,15,0,6,2,0
62,34.12416377343517,1,71,1,10,1,0
13,-26.430374288066083,0,12,0,1,1,0
68,13.390670794947873,0,68,1,3,2,0
48,-28.04213881991189,1,93,1,1,3,1
77,35.076706790665284,1,63,0,9,3,0
49,13.323926651104266,0,67,0,9,1,1
15,-27.620474332340443,0,87,1,2,1,0
93,-45.10192008060043,0,15,0,8,1,1
41,-6.719277817199533,1,45,1,9,2,1
20,-28.528188084424563,0,59,1,9,3,1
26,2.5196973494982657,0,90,1,7,3,1
22,37.85356037989983,1,82,0,10,2,0
88,3.382102163426076,1,89,0,9,3,1
31,-31.702664542328016,0,92,0,2,3,1
72,-10.38300760848933,0,41,1,3,2,0
17,24.360365500052552,1,91,1,7,3,0
91,-19.848032025560673,1,41,1,10,1,0
80,31.022191237396527,0,22,1,7,1,0
25,37.56496447358393,0,22,0,3,1,0
62,33.64473413967468,0,24,0,4,2,0
33,35.69699656417822,0,56,0,5,2,0
33,4.6277332378011735,1,9,1,2,2,0
89,-30.763993512547525,0,76,1,5,3,1
28,2.083024482194503,1,66,0,4,2,0
27,7.21940604579612,0,83,1,4,2,1
29,-7.507178902731859,1,87,1,9,1,1
52,-14.817770010823878,1,71,1,7,1,0
47,33.42880620223579,0,38,0,8,2,1
14,-12.087137308667778,0,44,0,5,2,0
73,-36.485901181881836,0,78,1,6,3,1
99,15.867596543179019,1,76,0,4,3,0
34,12.60955625414205,1,97,1,1,3,1
48,14.2492427968144,0,47,1,7,3,1
12,-23.83509120639028,1,43,1,4,3,1
87,0.3980691482994203,1,90,1,4,3,1
29,-11.528821173767803,1,27,0,1,2,0
89,-25.760912909348008,1,89,0,1,2,1
88,33.85984647794133,1,86,0,5,2,1
24,-43.306827962598284,1,79,1,2,1,1
84,20.782158367967085,1,11,0,1,2,0
35,-37.259766379873675,1,57,1,3,2,0
7,21.15912674361482,1,88,0,7,3,1
49,-10.37245578435487,1,26,1,6,3,0
16,26.78277939658986,1,14,1,3,3,0
55,8.699487178644603,0,82,0,10,2,0
9,-27.6238434491638,0,44,0,9,3,0
32,-44.13834406663224,1,96,1,4,2,0
12,-39.138078164641726,1,8,0,3,1,1
90,-2.065587632975223,1,23,0,5,1,0
99,-46.714552165129234,1,28,0,10,3,0
22,20.268803711635826,0,51,1,2,1,1
86,-36.927119456900385,1,0,1,1,1,0
46,29.771180954398105,1,38,0,4,1,1
14,30.390538709391635,0,79,1,7,1,0
59,23.474114186031628,0,37,0,4,1,0
51,-39.299201473329816,1,6,0,10,2,0
42,30.10747117202969,0,2,0,4,1,0
71,-12.343720262554683,1,19,1,2,1,1
47,29.856153550669347,1,59,1,3,1,1
85,1.96009571725304,0,40,0,8,2,1
62,-35.35542616357276,0,85,1,7,1,1
58,-33.11068716840515,0,53,0,4,1,0
57,-26.083307685917383,0,67,1,8,1,1
46,37.44593516054569,0,83,0,4,2,1
36,-38.76876913479137,1,55,1,9,1,1
69,-11.16217946364138,0,7,0,1,2,0
73,-22.04205316028277,1,5,1,1,3,0
45,-23.36069593244025,0,29,0,8,1,1
84,-11.42026935995824,0,70,0,5,2,0
13,-22.53222699580635,1,66,1,10,2,1
99,-29.59858466472387,0,4,1,3,3,0
49,30.99462183634853,0,47,0,9,3,1
54,6.858842563713274,1,47,0,6,2,0
3,-38.1755458027313,0,20,1,6,2,1
14,27.55989964557213,0,21,0,10,3,1
48,-18.399368692444533,0,90,1,8,3,1
19,39.35429816045229,1,37,0,4,3,0
50,11.598828348693303,0,27,0,9,1,0
94,-37.73909851622254,0,61,1,1,1,1
12,-32.02119131618064,0,44,1,7,2,1
89,20.031069311895294,1,95,0,6,3,1
33,2.5081103758546703,1,27,0,1,2,0
10,16.144727529227524,1,61,0,3,1,1
63,11.065055651886162,0,56,1,5,2,1
40,-9.427533986854243,1,39,0,2,1,0
66,9.627610238968416,0,92,1,6,1,1
23,26.036744455251352,0,50,1,3,2,1
23,31.399889187872304,0,60,1,4,1,1
27,-3.0924302506455845,0,51,0,4,1,0
27,29.194967838298,0,77,0,9,3,0
90,28.135556529724283,0,12,0,4,3,1
14,-6.999854396401766,1,40,1,6,3,0
69,13.345420195460306,1,54,1,1,3,1
39,-1.0748294991635063,0,92,1,10,3,0
61,33.09396237875383,1,41,1,6,3,0
50,5.281233810847958,0,38,1,1,2,1
54,-2.6499111235991464,0,93,0,4,1,1
46,-1.1701272859008682,1,54,1,4,2,0
31,13.985197337914002,0,87,1,10,1,1
53,14.43422879889141,1,31,0,10,3,0
5,-34.44241002402007,0,64,1,2,1,0
15,8.949189890505394,0,66,1,9,2,0
69,25.99453771105327,0,61,0,9,2,1
94,-30.914212664683546,0,67,0,3,2,0
97,16.106528076271758,0,39,1,1,1,1
82,22.677577573584628,1,27,1,5,2,1
91,36.39836281173345,1,8,1,5,1,0
32,25.023466007279026,0,76,1,3,2,0
88,-48.166896134260384,0,34,1,8,2,0
88,-33.494537608015605,0,87,0,10,3,1
53,-38.6356133644077,1,27,1,7,1,0
68,-17.32884239987883,1,42,0,2,1,0
92,-48.48480293064366,0,11,1,10,1,0
11,-33.12332451531116,1,92,1,10,3,0
10,16.32625941664007,0,45,1,7,1,1
9,33.8540881383491,1,23,1,6,3,1
21,36.86322330936922,0,87,1,7,1,1
4,-3.102764179380763,1,37,0,8,1,1
30,-28.238600556432583,0,85,0,4,2,1
24,-29.321368242571086,1,77,1,5,1,0
52,-21.02753050573613,0,43,1,4,3,1
64,-34.54987961340133,0,40,0,9,2,0
31,-35.87217641890756,0,10,1,1,3,1
1,-18.27719380791038,0,33,1,7,1,1
73,3.617593729681694,0,31,0,4,2,0
22,3.419455130274116,1,36,0,2,1,0
95,-12.57060229600539,0,75,0,2,2,0
36,-49.989215633113375,0,90,0,9,1,1
86,28.524484236392368,1,91,0,2,2,0
87,19.9087043430076,0,47,0,1,1,1
71,-5.924540601475584,0,21,0,2,2,0
72,17.7355510245104,1,42,0,3,3,1
54,-16.47434188247498,1,100,1,3,1,0
70,5.062943053008574,1,16,0,9,2,0
41,-32.31519981154016,1,12,1,10,1,1
35,-40.43032996660148,1,28,0,2,2,1
2,-22.32360235081811,1,92,1,7,1,0
55,-25.821530240088737,0,37,0,3,3,1
17,-13.54374576133587,1,47,0,1,3,0
76,-12.185683545567045,0,43,1,3,3,0
44,-36.05651241477179,1,7,1,9,3,1
68,13.035506622246771,1,10,0,1,1,0
18,-16.03318611486071,0,100,0,6,3,0
38,-44.31782323676393,0,20,1,5,3,1
7,-12.387333567098935,0,78,1,4,2,1
52,11.389211978203576,1,15,0,9,3,1
19,-18.092013488242998,0,92,1,1,3,1
7,-3.5126371394648928,1,10,0,3,2,0
61,32.154262070501815,0,54,1,7,2,0
49,18.380339323993937,1,51,0,9,3,0
52,20.58940027757258,0,19,1,2,1,0
54,4.601301176253273,0,81,0,1,3,1
54,6.242177740208788,1,26,0,1,1,1
4,24.897486967005023,0,96,0,6,3,0
70,33.88460485530882,1,97,0,7,2,1
16,-9.028290902913504,1,46,0,1,3,0
22,-25.11818059073604,1,33,0,3,1,0
87,4.439643081457582,0,42,1,2,1,1
43,-42.943093290088854,1,92,0,5,1,1
56,-23.647373141203484,0,94,0,2,3,0
10,-18.31954927003468,1,6,0,3,2,0
53,25.193889643881135,0,32,1,5,1,0
27,-45.99175978484266,1,1,1,1,1,0
38,-36.36393800419439,0,44,1,8,2,0
43,-46.35529669069884,1,55,0,6,2,1
67,-16.0277138862387,0,48,0,6,2,0
20,-35.62946412475985,0,81,1,8,2,0
2,4.489765231039975,1,96,1,10,1,0
53,11.919186688058232,0,59,0,1,2,0
57,2.1534527503664265,1,46,0,7,3,1
1,18.480863755058976,1,89,1,6,3,0
55,-49.50851547781696,0,71,0,6,2,0
66,-42.13568816369984,0,66,1,9,2,1
34,-38.20082400028769,1,49,0,2,3,0
18,-37.059887139335174,1,48,0,6,2,0
47,-0.07634516514273315,0,89,0,5,2,0
40,14.040946726095143,0,13,1,5,1,1
12,23.222105107804296,1,96,1,10,3,0
60,-16.6057987557976,1,16,1,8,2,1
74,-2.4106882258901834,0,31,1,7,1,1
84,-25.140470978275836,1,52,1,6,1,1
36,-6.4159781435444785,0,92,1,8,1,1
80,27.475633661168914,1,59,0,9,3,0
20,-18.71482364190862,0,73,1,7,3,1
42,-10.43409063547739,0,8,0,5,3,0
41,-47.645182140932185,1,53,0,3,1,0
52,36.47918046106143,1,97,0,5,1,1
43,39.52958940318966,1,45,0,7,1,1
69,34.048408618155534,1,69,1,9,2,1
23,5.8561761586371475,1,45,1,9,1,1
97,15.079359120754816,0,37,0,10,1,1
37,37.55328927128015,1,86,0,7,2,1
72,-18.175660871712996,1,15,1,5,2,0
10,31.31319591423832,1,57,0,4,2,0
36,-12.344042982641504,0,77,0,1,1,0
57,-18.576832469477512,1,85,0,3,1,0
55,-28.22640714446614,0,78,0,10,2,1
12,-32.62826923622052,1,40,1,2,3,0
97,-27.813816382071966,0,20,1,4,1,0
79,30.458370572908834,1,44,1,8,3,1
5,23.47654242146075,1,63,1,4,1,0
67,-41.36068040435109,0,21,0,8,1,1
27,34.39735519252042,0,55,1,3,3,1
51,-23.01265992027686,0,78,1,9,1,1
54,-16.18000419380636,1,37,1,7,3,1
24,35.60874831634629,0,16,1,8,1,1
30,-3.9049535030229308,1,70,0,8,1,0
60,-49.65235948788282,1,46,1,7,2,1
67,-11.106613169656455,1,83,1,6,1,0
63,-19.2990281662441,0,41,1,3,1,0
13,-28.574399883983876,0,63,1,1,3,1
82,-17.515813087545695,1,0,0,5,3,0
10,-30.94979395769739,1,91,1,9,1,0
55,3.8440647176619365,1,72,1,4,1,0
67,-27.302093518336097,0,34,0,9,1,1
67,-12.291924966423565,0,87,1,1,2,1
67,-48.49368034569712,1,32,0,10,1,1
28,-6.976231125790314,0,5,0,5,3,0
29,19.260044986479954,0,87,1,6,2,1
20,-45.65524850367091,1,25,0,8,3,0
41,14.56326726112195,0,59,1,4,3,1
7,-49.91275051825131,0,58,0,10,1,1
38,0.9911276254450385,0,65,0,7,1,0
66,12.20075602010585,1,66,1,9,1,0
56,-32.94436154500708,0,96,0,10,2,0
87,-31.975747508664778,1,32,1,4,3,1
16,-0.36576740700076726,1,23,1,10,3,0
87,-23.614269197375013,1,95,1,8,3,0
23,7.244815670529405,0,98,1,1,3,1
87,-27.973083450770915,1,0,1,3,2,0
31,10.00181645559993,0,37,0,7,2,1
38,-38.16873093821593,1,10,1,10,2,1
29,33.582997583864014,0,76,1,4,3,0
3,0.4902954641417452,1,27,1,5,2,0
95,-3.8977755138287336,0,72,0,4,2,0
72,-12.048576686959542,1,47,0,5,1,1
28,-30.841490167060616,1,63,1,4,2,0
71,-17.517438680960403,1,44,0,4,3,1
24,25.465913133199734,1,64,1,7,1,0
86,-37.44153038852516,1,25,0,6,3,1
21,28.514042890100725,0,55,1,2,3,1
5,30.30943800728747,1,7,1,6,1,1
99,35.60007565842555,1,59,0,8,2,1
32,-24.075410771468952,1,85,0,10,1,0
11,-5.913928287598495,1,70,0,2,2,0
16,-47.528355685949414,0,45,0,4,3,1
82,5.740587639870881,1,41,1,4,2,1
46,25.27199790722068,0,93,1,1,1,1
30,-25.954809312432623,0,93,1,3,3,0
10,-23.728826519860082,0,31,0,10,1,1
93,3.8334146701849505,1,76,0,7,1,0
49,-37.99351723546848,0,24,1,6,2,0
88,27.43950302761496,0,44,1,4,1,0
52,-13.452273819445146,0,20,0,8,3,1
40,21.69972188881671,0,46,1,5,3,1
84,28.98493332794095,0,88,1,4,1,1
88,-34.45799601853187,0,88,1,8,1,1
78,-7.841127783433251,1,70,0,7,2,1
94,28.399869957324924,1,68,1,6,3,0
82,-48.44404648957921,1,69,1,1,3,0
53,-30.972005810521416,1,46,0,1,2,0
82,19.081293221472436,0,44,1,1,3,1
97,-21.8938877793908,1,72,1,8,2,0
76,28.307596137284634,0,51,0,4,3,1
26,-14.673327466192085,1,75,1,2,2,0
96,-25.52560659623968,0,54,0,7,1,1
35,32.963488327248385,0,26,1,8,3,1
44,-23.95430945667026,0,55,1,8,1,0
60,-14.751831559380015,0,32,0,7,2,0
16,-22.56663286473215,0,43,1,5,3,1
89,-7.623394513314807,0,58,1,9,1,0
81,-22.47288059382867,1,9,0,8,2,1
21,-40.67504815123346,1,92,0,10,1,0
83,9.297412745635484,1,27,0,6,1,0
17,-47.31847004174854,0,46,0,5,2,0
50,36.39576890202602,1,77,0,3,1,0
73,29.373384917583465,0,96,0,6,3,1
16,-17.847703114778263,0,82,1,2,3,1
30,6.217571705959848,0,70,1,5,1,1
74,30.887157686697037,1,60,0,3,2,1
85,0.45534983125836703,1,97,1,3,1,1
13,25.85912500984108,1,72,0,3,3,1
85,-43.57038709684246,1,78,0,1,2,0
39,23.153157499966596,0,87,0,6,2,1
38,-40.3902665054562,0,97,1,7,1,1
83,-23.9803134383443,0,53,1,3,1,1
49,-47.68887064134996,1,79,0,2,1,0
90,-23.247796782303872,0,9,1,3,1,0
84,-16.62963486218821,1,99,1,1,1,0
50,-8.380977741736302,0,41,1,6,2,0
79,34.5772842392595,1,16,0,7,1,0
15,38.89959546725699,0,38,1,1,3,0
16,-22.750935713435442,1,76,1,8,1,1
73,-11.988788175595467,1,68,1,3,1,0
100,8.08831747217257,0,48,0,1,3,1
1,-23.543367200282766,1,6,1,6,1,1
3,-47.8189330959474,0,77,0,2,3,1
42,33.18826011947783,0,69,0,7,1,0
46,-6.2454650782224945,1,53,1,5,1,1
40,-3.1617424612885756,0,77,0,3,2,1
79,-33.572861877190306,1,29,1,6,2,0
87,-49.00210706977702,1,48,0,8,2,0
30,-18.773606267396207,1,70,1,2,1,1
53,-6.122915893612387,0,66,0,6,1,0
84,-29.459553780081304,0,59,0,4,1,1
3,20.119092271190624,1,55,0,2,1,0
51,37.77891198268546,0,2,1,9,3,1
80,-1.5110350591126647,1,32,1,1,3,0
28,8.441279837838536,0,50,1,4,1,0
75,38.4538462712849,0,84,0,4,2,0
78,-38.87516745740737,1,95,1,9,1,1
27,36.420971323215014,0,42,0,7,2,1
43,-18.120341504983614,1,94,1,10,3,1
36,-46.37843665083046,0,99,1,3,2,1
12,15.848425562162305,1,61,0,6,3,1
98,-37.55882389641159,0,39,1,6,2,1
74,-28.68256848770644,1,84,0,6,3,0
44,-45.62783261735639,0,53,1,2,3,1
51,-17.692952048744317,0,14,1,2,3,1
69,-11.089667420861012,0,98,0,9,1,0
1,34.853894575191006,0,87,0,10,2,0
39,-30.86489174233557,0,38,1,7,2,0
80,39.763088239544444,0,24,1,1,3,1
38,-26.12328816510754,1,46,0,7,1,1
29,-15.458323531437216,1,12,1,1,1,1
76,-43.19427722765662,1,53,0,5,3,0
57,24.708061040195986,0,23,0,9,3,1
44,-21.52950887903791,1,22,0,10,3,1
75,-34.274615021071156,0,19,0,2,2,1
36,26.835603058221196,1,28,0,1,3,1
56,34.468843186537654,0,91,0,9,1,1
85,-4.032477456086987,1,78,0,10,3,0
89,-8.534283450219867,0,4,0,1,1,0
35,-10.208692410397482,1,47,1,7,1,0
100,-46.56973697630266,0,14,0,5,1,1
19,13.381035643021036,0,40,1,9,2,0
39,-24.96060132298685,0,87,1,5,2,0
25,-34.69032887006309,1,42,1,4,2,0
45,-36.32357458350434,1,20,0,1,2,0
70,22.67841714572981,0,91,1,4,1,1
53,20.652282973452373,1,28,1,1,2,0
60,9.004409336307624,0,43,1,3,2,1
43,-10.004862706263786,0,26,1,7,3,1
18,21.462312661902345,1,99,1,3,3,1
94,37.348908375439606,0,60,0,9,2,0
81,-44.37063236158744,1,24,1,2,2,1
82,-10.036196696275027,1,96,0,7,2,0
79,8.1728902778258,0,16,0,4,2,0
74,24.29845439558821,0,50,0,4,1,1
81,7.184209355636611,1,45,0,6,1,1
62,-40.69377733121598,1,27,1,10,1,0
71,-31.682510258821434,0,38,0,4,2,0
54,-27.878423154515914,0,4,1,8,1,1
69,30.97037004445872,1,7,0,5,1,1
80,-1.876798299214279,0,8,0,6,2,0
47,25.528310098412888,1,56,1,6,1,0
21,-2.59503751922162,1,48,1,8,1,0
29,27.28343927048826,1,67,1,10,3,1
46,2.649962580963795,0,67,1,2,2,0
22,-5.179980467474152,1,33,0,8,1,1
13,-17.08102333460559,1,39,0,9,1,0
73,-3.1811620527902136,1,7,0,4,1,0
47,-49.10796056230045,0,36,0,3,2,1
51,0.8310929743644095,1,80,0,5,3,1
74,5.352737831843882,0,61,0,6,3,0
74,3.1853372023418416,0,0,1,9,2,1
7,32.35886301331678,0,46,0,2,3,1
26,-49.73125505451909,1,61,1,7,3,0
46,22.814459189031993,0,24,0,2,2,0
26,33.445258287047665,0,14,0,6,2,1
88,-11.846998038471213,1,63,0,2,2,1
3,30.891581218422942,0,23,1,5,3,1
77,15.957128154248252,0,10,0,8,2,1
0,27.21774124083639,0,85,1,4,1,1
5,-25.749284789282875,0,38,0,9,2,1
66,-32.01668600844336,1,88,0,2,2,0
74,35.350086128877436,1,0,0,5,1,0
56,-38.31014759878663,0,58,0,8,1,1
66,25.131977216143127,1,91,0,9,3,1
42,10.836085524857403,1,80,0,2,1,0
50,-29.854314821894828,0,93,1,4,3,0
42,36.51880513181351,0,18,0,6,1,0
31,-47.66099759275235,0,71,0,7,3,1
62,0.8112797862179164,0,89,0,10,2,1
43,17.687408461845948,1,95,1,8,2,0
65,7.988392892390287,0,44,1,9,2,1
4,-26.022257616898273,0,99,1,2,2,0
34,32.38023019221322,0,46,0,5,1,1
45,-20.372707441651375,0,52,0,7,1,0
37,12.666418438755784,0,90,1,10,2,1
68,-2.292700473652104,1,92,0,9,3,0
67,-31.439001821489367,1,36,1,1,3,0
26,-30.910879572060484,0,15,1,5,1,0
82,29.99976900920575,1,35,0,7,2,1
31,-14.972340980541126,0,44,0,7,1,0
60,18.003524065440132,0,32,0,3,2,1
39,-9.751454648513636,1,77,1,3,1,0
22,-16.617119760609732,0,41,1,8,3,1
57,-41.84990076627945,0,62,1,3,2,0
47,-24.318021473926756,1,69,1,10,1,1
57,-49.50839221201501,1,98,0,8,1,1
77,-32.91415520500175,0,70,1,1,1,1
23,31.078373590596783,0,23,0,3,3,0
96,-39.80853358045741,1,83,1,4,1,1
53,-44.35918871293416,0,57,0,9,3,1
43,18.472444028239025,1,99,1,5,2,1
44,-38.865648234373865,1,48,1,10,3,0
38,-18.947875645698453,1,71,0,5,2,0
23,35.87558927348029,0,67,1,10,3,1
51,27.61357992957562,0,56,0,5,3,1
39,12.467191978579557,1,90,1,1,1,0
13,2.343814559671351,0,71,1,9,3,1
0,-25.46756372461369,1,4,0,4,2,0
83,-3.163861198990986,1,23,1,5,3,1
48,-40.453025195523665,0,51,0,10,3,0
89,29.287493407727155,1,57,0,3,2,1
19,-48.15331123265953,0,14,1,1,2,0
97,-7.375569597208383,1,5,1,4,1,0
4,23.47573601679494,0,100,0,7,1,0
71,-23.044415023606117,1,8,1,5,2,0
85,-44.34413062062916,1,78,1,7,3,1
90,-20.965710400485193,0,42,1,1,1,0
52,-18.115479994386014,0,25,0,7,3,1
96,36.290786795581965,0,60,1,5,2,0
50,-32.077741490592985,1,75,1,9,1,0
81,-32.469933576927374,1,46,1,6,3,1
80,-28.68437677398962,0,67,1,5,1,1
0,-0.9444458745201203,1,31,0,7,2,1
67,-8.11388717055577,1,31,1,10,3,0
64,-36.61633713531905,1,24,1,8,2,0
34,16.496570805167664,0,59,1,1,2,0
25,-5.485318206138231,1,67,1,7,3,1
46,29.9237901785809,1,35,1,1,3,1
28,4.77858437830308,1,15,1,9,3,1
52,-36.77720798971256,0,20,1,6,1,0
80,28.285156558482484,0,73,0,2,2,0
78,-35.70655291045037,0,29,1,9,3,1
36,17.124882734092736,1,18,0,8,3,1
69,-10.034407785247396,0,30,0,5,1,0
56,-20.333904164730935,1,100,1,1,3,0
0,4.288071302540651,1,81,1,6,1,0
4,34.07314159549912,0,35,0,10,1,1
40,39.939841433546746,1,56,1,2,1,0
76,19.642811110688385,0,16,1,8,3,0
64,24.545375711297197,1,34,1,4,1,1
63,-35.29631234557588,1,99,1,6,1,1
58,-36.19517832576989,0,81,0,8,3,1
2,8.971259953835109,1,24,0,10,1,1
63,-28.568582688607457,0,82,0,10,2,1
54,-30.46048738625704,0,21,0,2,3,0
90,-25.970617024161612,1,68,1,2,3,1
7,10.053139816316268,0,45,0,9,1,0
14,34.251088191102255,0,71,0,2,3,1
42,-3.99326115658841,1,78,0,5,1,0
51,27.35888232001338,0,96,0,9,1,1
56,26.266509771425746,0,17,1,5,1,0
0,-43.208959339974385,0,77,0,1,3,0
72,-13.451900356536242,1,66,0,4,2,1
48,-4.213785484024434,0,26,1,10,3,1
58,15.396438628546875,0,50,0,5,1,0
23,12.580688838359947,0,56,0,4,2,0
25,-31.024724976508192,0,80,1,10,2,0
80,-38.43250675085976,1,98,1,4,2,1
55,3.4745180862065226,0,60,0,4,3,1
37,12.625903004639078,0,19,0,2,3,1
91,11.446168158872382,0,70,0,4,1,0
87,-1.004273633550909,0,32,1,4,2,0
74,38.87136200645996,0,25,1,3,2,0
29,-41.84445497596099,1,89,0,6,3,1
29,-12.657319663847176,1,81,0,9,2,0
98,3.767744253434323,0,49,0,3,2,1
21,-12.57852092947931,0,79,1,3,2,0
51,-11.638508561128248,0,84,0,6,2,0
94,35.1472548303428,1,37,0,3,2,0
70,5.47378134659759,0,8,1,8,2,0
89,-35.56990904751918,0,34,1,8,2,1
91,27.99927221523511,0,12,1,10,1,1
48,38.4372595569004,0,95,1,1,2,0
38,-40.17921870238597,1,97,0,7,1,0
52,-13.190644844764932,0,10,0,8,1,0
62,-20.97999350326743,0,83,0,6,2,1
86,31.816474259506805,1,34,1,10,3,0
100,-39.38687106949617,1,63,0,1,3,0
96,-6.846632856141554,0,6,1,1,2,1
84,-38.29718637976987,0,41,0,4,3,0
71,-46.61877501024136,1,26,0,2,1,1
94,-10.215633525470864,1,59,0,2,1,0
88,0.8846226678076903,0,80,1,3,3,1
6,-0.7903549344470733,0,76,0,3,2,0
70,21.648257976739984,1,43,0,2,1,1
93,-31.958767512348533,0,63,0,10,1,0
29,-17.05719574487152,1,62,1,8,2,1
28,17.05664916644554,0,25,1,9,1,1
26,-19.589109198447485,1,52,1,4,2,1
52,-28.450170174183434,0,46,1,3,1,1
64,0.7797917929099185,1,14,1,1,2,0
57,21.929639460790824,1,70,1,8,3,0
60,-38.61496348880699,0,85,0,9,2,1
69,-18.515499086594893,0,82,1,10,1,0
60,36.70043359112263,1,94,1,2,2,0
34,35.851619415242425,1,99,1,4,2,1
74,25.991275037288972,1,50,0,2,2,1
48,-12.653809051508425,0,11,1,4,3,1
39,0.20402826375523375,1,54,0,7,3,1
1,13.798209042325375,0,19,1,5,1,1
28,-9.09850659623769,0,97,1,9,1,1
90,-19.723163117008752,1,16,0,8,1,0
93,-38.79524501133911,0,58,0,6,3,0
73,-17.99549770905159,1,95,1,8,2,1
32,-34.06611456505801,0,25,1,2,1,0
4,0.21918168365989743,1,69,0,3,1,0
70,-0.39695402901688936,1,20,1,4,2,0
78,-17.169266685733653,1,57,1,9,2,0
59,-25.229383800273364,0,98,0,5,3,0
65,-44.780877890878806,1,9,0,6,3,1
24,-0.41263331966538885,1,78,0,10,1,0
61,36.45294904498081,1,55,1,1,1,1
10,-23.95096838729198,1,6,0,1,3,1
0,9.869945840843037,1,100,1,6,2,1
76,-16.761570299821464,1,10,0,7,3,1
86,20.63209003243304,0,85,0,8,1,0
34,-48.969867440233344,0,23,1,4,2,1
0,-12.145901212366859,1,89,1,4,3,1
92,-47.08791359326938,0,19,1,2,1,1
9,-46.25995106134299,1,32,1,1,2,1
3,25.27530187935045,1,99,0,1,2,0
79,9.04531515366542,0,17,1,1,2,0
32,-24.385611975081225,0,13,0,8,1,1
73,-49.54992548958025,1,67,0,6,2,0
21,-39.425036881942624,0,49,1,6,3,0
82,-36.655492256740516,0,72,0,1,1,0
4,19.45460472530563,0,67,1,9,2,0
39,35.97594151060726,1,78,0,8,2,0
2,10.315868272286963,0,99,0,3,1,1
4,33.981682233099505,1,60,1,4,2,1
81,26.332266075826993,0,28,1,1,3,1
17,-13.708621678251468,0,19,1,10,3,0
67,-19.535838567761587,1,3,1,6,3,0
54,8.972520513624907,1,69,0,6,2,0
88,-36.70471412209605,0,16,1,2,1,0
58,-32.06948321236888,0,32,1,5,1,0
45,-12.542227950073936,0,86,0,6,3,1
3,21.353245636939818,0,72,1,5,2,0
16,18.00838337198813,1,70,1,2,1,0
62,19.329426640771857,1,50,1,2,3,1
16,-39.30902449938694,0,71,1,4,3,1
22,-23.44803681156622,1,59,0,8,1,0
9,-47.665102741250166,1,85,0,2,1,0
25,-48.210615850234355,1,57,1,5,3,0
24,25.617775140328916,0,30,0,3,1,1
47,-33.051287754018915,0,98,1,1,3,0
31,36.320980874569045,1,14,1,8,2,0
20,-43.19617981729395,0,67,1,8,1,0
19,-41.29001401601416,0,49,0,6,2,0
74,-48.975202199086915,0,50,0,3,2,1
75,2.615201307461568,0,57,1,8,2,1
30,18.198582295936617,0,60,0,9,1,0
95,29.56510021399066,1,73,0,1,2,0
54,-22.262921987310314,0,40,1,5,1,0
38,34.49518255445403,1,39,1,4,3,0
49,-24.03199788382049,0,18,1,7,1,1
0,17.97478528482594,1,66,1,6,1,0
6,3.2573233060645777,1,65,0,9,3,0
18,12.560314234865807,1,54,1,9,1,0
94,-43.85389775642422,1,76,1,4,3,0
77,37.556498952771506,1,7,0,10,3,1
19,-28.085062161339803,1,10,1,2,1,0
36,-12.47831661203697,0,98,0,6,2,0
71,29.60671068872921,0,72,1,9,1,1
73,34.759822285672925,1,88,1,2,1,0
8,-7.6799793953400695,0,6,0,2,1,1
94,-2.2979497794526225,0,23,1,8,1,0
89,-17.632327002686587,1,70,0,10,2,0
83,-11.055502197711235,1,88,1,8,3,0
71,-41.61473565249884,1,49,1,3,1,1
38,36.12007248982192,0,78,1,2,2,1
89,12.752354698332937,1,47,1,8,1,1
62,19.540365239683126,1,6,1,6,2,1
21,-6.156130605027414,1,80,1,5,1,0
92,-37.856522612920116,0,47,0,6,3,0
96,37.09284318948849,0,70,1,8,1,0
7,-26.805251110011167,0,54,1,2,3,0
51,1.7109753132990662,0,52,0,8,1,0
77,-21.182812935596345,0,0,1,6,3,0
72,-11.691994603099786,1,52,1,3,2,1
61,34.61123291424933,1,60,0,3,2,1
16,-5.870554286404612,0,10,1,5,3,0
12,-1.516749895991353,0,39,1,8,2,0
80,31.10832616286646,1,6,0,6,3,1
30,-8.734645431862297,0,23,1,1,3,0
99,-46.64418795592694,1,29,1,6,2,1
59,3.3243192216274693,0,34,0,7,3,1
39,-38.34172571297538,1,58,0,6,3,1
27,31.289375122013325,0,26,0,6,3,0
19,-40.01356916595003,1,77,1,6,2,1
95,-46.47864521449238,0,43,0,7,3,0
12,25.774468267603396,1,55,1,2,3,1
99,8.536982169353877,0,81,0,5,1,1
4,-39.88867091699913,0,97,0,3,1,0
16,2.069011381373471,1,90,1,10,2,0
56,-16.147944157847412,1,2,0,9,1,1
87,-9.67650281356783,0,76,1,3,2,1
15,-47.30192735675417,0,47,1,10,2,1
17,-27.85358892547788,1,75,1,10,3,1
50,-16.256565710411834,0,29,0,3,3,1
35,-7.216726172322495,0,61,0,4,1,0
4,-22.443002539225166,1,77,1,5,1,0
59,-13.523824754554745,0,27,1,2,2,0
50,9.254520471509686,0,38,1,9,1,1
20,-46.150316804559324,0,86,1,10,3,0
47,-12.799613365128252,1,19,1,6,1,1
9,-15.720802783088388,0,16,1,9,2,0
87,-2.0828861992570182,1,1,0,7,3,0
2,-41.49804304706336,0,11,0,5,3,1
0,-28.27253777557816,1,4,0,6,2,1
9,-35.33650688946791,1,48,1,9,3,0
31,16.39511730081348,1,61,1,7,3,0
51,-15.009764407960134,0,80,1,8,3,1
44,-11.01876445561198,0,79,0,9,3,1
3,-33.512495344098326,0,7,1,3,2,0
75,9.386494599678912,0,18,0,4,2,1
47,-45.09273005355948,1,30,1,1,1,0
68,-23.676747497725025,1,84,0,3,3,1
42,25.070183195213616,0,88,1,8,2,0
24,-49.3190654395949,1,100,0,7,1,0
32,-21.997457542223028,0,42,0,5,2,1
89,-2.075325098021864,0,46,1,1,3,0
86,-21.48317702825083,0,40,1,7,1,0
67,20.47308172034215,1,37,0,3,3,1
22,16.566708293038744,1,47,0,5,3,1
45,5.314038496491968,0,42,1,6,1,1
82,-22.044090134221126,0,33,0,7,2,0
87,5.3423356891383165,1,96,0,10,2,1
70,-36.07187027159772,1,75,0,4,2,1
10,14.58086410189506,0,48,1,10,2,0
56,-45.574604974512326,0,32,1,2,3,1
92,-36.40800190635819,0,82,1,5,1,0
37,-31.99472635970592,1,30,1,5,3,0
