hum,tem,is_gas,sur_tem,is_dew,mach_cat,meth_cat,time
72,-25.89297468194771,1,57.17293132383749,0,3,2,3
17,10.60215134071175,0,73.61606370456128,0,3,3,4
83,3.346888900498456,0,92.07328262929195,1,2,1,3
69,21.23474984674469,1,44.71695700721972,0,2,1,5
7,22.573248746773686,1,73.28832173981831,1,3,3,1
40,17.297859479523325,0,97.57072331628933,1,2,1,4
99,31.36661708487223,0,-11.952692156341286,0,3,2,3
66,-38.140448272875204,0,-48.6140788771132,0,3,1,5
71,11.192625738182294,1,57.507978496959794,1,3,1,4
99,-36.15658838086821,1,-5.84696329850172,1,3,2,3
12,17.13568843133359,0,78.82581357930397,0,3,2,1
49,25.805127364318878,1,70.74254860613138,1,3,3,1
92,-33.67226196680696,0,3.652994295642088,0,1,1,3
69,24.194128578843532,0,46.6935685419306,0,2,2,3
36,20.835228643571327,1,21.387308215674324,1,2,1,1
19,-38.25844936070097,1,80.97131397867437,1,2,1,2
38,-0.1476672041404683,1,66.40935963523714,0,3,3,5
88,38.400185789669194,1,57.19519565757656,1,3,1,3
4,14.882387345519689,0,97.9719022765494,0,3,3,3
56,-0.35837430400557224,0,49.03792559396837,1,1,2,2
37,36.74569102084526,0,-32.0424329510328,1,1,2,1
8,6.375075357535351,1,89.6904633889979,0,3,2,4
72,35.21580173116037,1,98.3191768466884,1,3,3,1
88,7.711726891486251,0,25.058628620954565,1,1,3,2
40,-30.22725311352223,1,-39.05593703001995,1,1,3,1
68,9.676745989427232,1,84.94298775764489,0,1,3,4
35,0.48852624139959033,1,-43.43089183737129,0,3,1,5
14,-16.675744754511626,0,-34.291677879779215,1,2,3,3
87,28.390166228094643,1,75.88034988210265,1,2,3,2
90,18.896822423653106,0,68.08779046090959,0,2,3,1
84,-29.592636012337522,1,-39.29840994243851,1,2,1,3
91,4.221272853118059,0,75.24253295182312,1,3,2,3
54,14.831342016172627,0,-18.431878308028793,1,2,1,2
45,-18.772186397101787,1,-17.358096838613832,0,2,3,1
51,-4.1127199414254605,0,45.199540144486704,0,1,2,5
85,-47.372451884378954,0,93.25765032418414,1,3,2,3
54,-15.560107408105004,0,-42.24156420849505,0,3,1,4
18,-27.73026860446612,0,85.92135052750874,1,2,1,3
100,-46.46808582416329,0,25.415600206927465,1,2,1,1
58,16.861438405243973,0,55.5018042673896,0,1,2,5
67,38.01437915709597,1,79.90124950935066,1,1,1,3
64,-30.83270006799754,1,5.738603796457362,1,2,3,5
35,-7.323327329282421,0,28.75335873838374,0,1,2,1
1,28.814847872276033,0,61.340909006983196,1,3,1,2
2,19.82718251218968,0,26.599791767626286,1,1,3,1
54,-31.46595312652796,0,67.03880639252516,1,3,2,1
63,16.51136480301207,0,43.73371272441426,0,3,2,5
55,-2.508389722737782,1,34.42317314210986,1,3,1,4
7,5.423649728720825,0,25.863396032348447,0,2,1,2
82,-16.349694123056175,1,-6.6161378563368345,1,2,1,5
67,26.789535472982564,0,-7.705875407986014,0,2,2,3
94,-26.997929190059416,0,93.22777693055755,0,3,3,4
83,-15.806739265126836,0,74.47952108729069,1,3,2,1
86,-32.639327100359566,0,87.41990293915802,1,1,3,4
34,16.712863202231333,0,-40.75359149909438,1,1,2,2
65,-17.928993771107784,0,1.8025325689640965,1,1,3,3
18,-17.769565265008772,0,-17.59089679400308,0,2,1,4
15,-43.812807205556574,1,57.67531464221878,1,2,3,3
90,-9.756711024055136,0,-47.393879550368695,1,1,1,2
91,-12.93122590952121,0,36.64851133374644,1,1,3,3
95,1.9371612093751907,1,22.335702579129375,1,2,2,3
8,-26.148945751131805,1,16.990580143483996,1,2,1,1
80,-20.91301380494325,1,79.04880473205225,0,1,2,2
94,-12.195171540467875,1,86.50187459045426,0,1,1,4
23,-28.059041559715524,1,-38.88161750673796,1,3,2,2
8,35.84468844177309,1,-24.29596524542627,0,1,3,1
13,32.48845179702312,0,-16.62351442711524,0,1,1,5
86,-27.221662023377657,0,34.41708713032283,1,2,1,5
52,-49.76034096786055,0,78.23290181710803,1,2,2,5
54,14.323199685508328,1,23.61929422680805,0,2,2,2
52,14.898248106316203,0,-37.53466211126924,0,2,2,1
24,7.1969583459372615,1,88.87056301649994,0,3,3,4
85,-27.710966615743814,1,25.173010512429883,1,1,2,5
2,-22.905681361390833,0,48.30713579066963,1,2,2,5
2,34.30927327645901,0,-45.83821670341149,1,1,2,1
40,7.949070857431721,0,-31.574578050592066,1,3,1,4
91,-37.438303665258445,1,-26.428544701443535,0,2,2,3
72,-7.521374723216134,0,84.5218892081248,1,3,2,2
29,33.910031998936276,0,-8.115971249917159,1,2,3,4
50,2.282882249978684,1,83.97546758404783,1,1,3,1
59,-14.427951016676523,1,-41.54390624752316,0,3,2,4
27,2.7753946458002687,0,-4.325642078886595,1,3,1,3
28,20.123022924136976,1,7.8263343931166105,1,2,2,1
60,23.79767059519,1,6.435418831288878,1,1,3,2
99,9.164960451848458,0,-3.960784412234176,1,1,1,3
48,25.473839886018013,0,-37.418538227550215,1,3,3,2
0,24.383106946073582,0,21.26586875292608,1,2,3,5
52,-43.670235995457325,1,30.309068488516246,0,2,2,2
87,-24.655557268120166,0,12.85399764261976,1,3,1,4
75,-4.775449276016353,1,9.095899140460588,1,1,3,5
66,26.039469279493716,1,7.247206460021651,1,1,3,1
17,21.852292486343885,1,20.199523305189118,1,2,2,1
82,26.659387478556624,0,-19.430888835559905,1,3,3,1
18,27.811178899329448,1,-39.947427385362424,0,2,1,2
34,-7.665553197306785,1,79.93816950128777,0,3,1,3
91,-49.18769278772871,1,55.43190570873068,1,2,1,5
97,7.565911718659649,0,74.5935891813404,0,3,1,2
30,-36.64129387958842,1,17.258864770688746,0,1,2,2
76,-9.291147423984526,0,-27.61389768317903,0,3,1,5
41,-20.240055989489903,1,38.89883419351047,0,3,3,3
5,-28.738256389130022,0,71.28164279780898,0,3,3,5
35,-44.06420899241134,0,-26.93901665195525,0,1,2,4
66,-4.608324499408873,1,-8.00196315499521,0,1,2,5
64,-36.73970057207287,1,31.500539477401773,1,3,3,1
33,-27.63928694036473,0,-38.72301784967763,0,2,1,3
28,-41.863421672884655,0,76.2968695827936,0,3,1,3
51,-17.80413574713635,1,61.996795472665355,0,1,1,1
73,-40.04276667584953,0,75.57375618217215,1,2,3,1
78,16.910726034643332,1,34.528745616003306,0,1,2,4
38,-40.57555538583376,1,43.950324444374544,1,1,1,5
41,-23.30488214405696,0,52.97716258942148,0,3,1,5
62,-24.135702680446787,0,-26.071495123640048,0,1,3,5
100,4.186344965536115,1,67.93845892732836,1,3,3,1
96,17.135450989535926,0,-31.04134400732602,0,1,3,5
44,-3.1921716912769895,1,41.692465003109376,1,2,1,3
0,-17.47087231896773,1,75.86359534171876,0,2,2,3
60,-38.52699637519674,1,29.00210781032476,1,2,1,3
35,19.115638100360172,1,65.79369274808239,1,1,3,4
9,8.832645685398965,1,14.679439255115739,0,3,1,3
8,-9.958388728466716,1,17.71304288798953,0,3,1,2
2,-49.372760094889394,1,13.743425539103434,1,1,2,2
36,-6.4997747737071805,1,59.332315293498226,0,3,3,5
7,24.85017405335543,0,-16.202255113096655,0,3,3,2
93,24.07198820139959,0,-43.31432356324952,0,3,2,4
54,5.923938636051069,0,29.430553349429616,0,3,3,1
18,30.888423047925244,1,-28.106575237758413,0,1,3,2
62,-11.580390032099231,0,24.863466410931707,0,1,3,5
15,17.992589706617593,1,-23.748884810579852,1,2,3,1
36,-34.141322469308896,1,15.684257582854173,0,2,2,5
55,-37.16729782901875,1,77.42583274182238,0,1,3,5
44,-30.604235070643632,0,84.66795651574404,0,2,2,1
67,-31.466374016262673,0,0.07264074578893798,1,3,3,5
33,2.004426390580498,1,-16.461971236767667,1,3,1,4
88,30.463051745158893,1,-20.39892836364684,1,1,2,5
34,18.51533739260583,1,91.52657945383976,0,1,2,4
22,-47.108602976293966,1,56.91723543496849,0,1,2,4
83,29.15068678185436,1,-4.433360443314335,0,2,3,3
48,-33.868984707192155,1,30.07437970155148,0,3,3,5
47,10.577484963489688,1,86.11436263144265,1,3,1,1
89,-4.900182554517237,0,-3.79252722140982,0,3,3,1
30,0.5305075748127308,1,-22.059327987282888,0,2,1,3
3,-43.46289912938975,1,0.1694015283462491,1,2,2,3
20,-48.374350899664165,1,3.6741190056768573,1,1,1,2
58,34.90347851133993,1,23.205920847155056,1,2,2,3
33,23.164190829895418,1,28.739355126043037,0,1,3,4
75,-18.935577944158286,0,-6.390609090301339,0,2,2,5
59,-27.02340095608128,1,83.48143323037198,1,1,2,5
12,17.453554663110324,1,53.877317710826034,0,1,3,1
90,26.400771012035094,0,21.96374911094965,1,3,2,3
88,28.753507574785715,0,-34.06181324746507,1,2,3,5
94,29.781251549677663,1,42.402674147342324,1,2,3,2
35,7.611937166130474,1,69.05368049679849,1,2,1,4
41,-2.8515972253374358,0,-36.656924631422385,1,3,1,1
49,-5.8965509645733505,0,30.12415963841525,0,2,3,4
80,-31.54508518564261,0,98.96876841070477,0,1,3,5
92,32.00135458341343,0,98.36386029944995,0,2,3,2
47,39.342830861024765,1,56.38659381283016,0,2,3,1
17,1.5829401357154111,1,-19.132160061072863,0,2,2,4
54,29.63655915993715,0,91.55640419106513,0,2,3,3
8,13.24894045723422,0,-21.826983994834357,1,2,2,3
79,-9.75608343101657,1,70.36895539913603,1,3,3,4
31,9.528025985609155,0,45.343889846469764,0,3,1,1
84,17.068009259392994,0,-49.23956511519796,0,1,2,5
82,20.367034844016402,1,-14.965575090166716,0,3,3,2
46,24.212903949285305,1,10.71020944489888,0,2,3,4
2,-0.27715809360599764,0,-29.085319013133766,1,3,3,2
6,-33.72773855789413,0,-17.791318929536786,1,1,2,5
3,3.0054023731909894,1,90.61551032225611,0,1,1,2
44,37.70728329652697,1,-8.211259396897177,0,3,3,3
93,-49.093534785838564,0,-3.4998000718257245,1,1,1,1
45,-46.29728548600335,0,28.32881515470912,0,2,1,5
55,-9.158149513883842,1,26.490214342225684,0,3,1,4
65,12.458630269821477,1,-36.7443656853348,1,1,3,2
35,-12.826845146855263,1,6.733084130522364,0,1,1,3
58,-25.150285118645947,0,46.69211063513359,1,2,2,5
46,38.083147503667774,1,44.67821021230969,0,2,3,2
56,2.1054274889726443,0,2.733829799524152,0,2,1,1
54,-22.945463003987054,0,-46.43197467123632,1,3,3,1
93,-29.9628027325279,1,95.53561317214337,1,1,3,1
8,26.316154883107288,1,-9.038780790712238,0,1,2,5
14,-39.52235977484601,0,-16.903778236102447,0,1,1,3
45,17.902648131267597,1,76.90021457988757,1,3,2,2
77,1.6110687492522047,1,10.898361535003623,0,3,2,1
83,-2.6880495928551227,0,96.47745659771559,1,1,3,3
87,-9.143079956361788,0,20.324784152796738,0,2,2,5
16,35.24930440245707,0,14.233469790988337,0,2,3,2
13,-4.5002770171256685,1,5.3013568537974365,0,2,1,2
17,15.965710215520602,1,83.49186727142705,0,1,3,3
47,8.83190712239901,0,-29.555720056705447,0,2,1,4
42,-32.58808065062148,1,34.789004240728815,0,1,2,4
96,5.975751769958279,1,-15.836202217945313,1,1,3,2
80,7.8769211404730015,0,83.87091590460571,1,3,1,5
5,-38.956089505182376,0,15.482201040099923,1,3,1,2
79,-6.208007340648379,0,-5.323609409263312,0,1,1,2
52,6.2623431081736385,0,-2.867813837659156,0,2,1,2
85,1.939456863213934,0,22.66222605428709,1,3,2,4
19,-23.032261168085363,1,65.01529877611488,0,3,1,3
19,-20.32562555394546,0,46.60493594903902,0,2,2,3
55,-33.79853576360704,0,-17.39223087784893,0,3,1,5
96,-22.42068704456906,0,75.52507842337823,0,1,2,5
80,7.82454139226639,1,62.87167232229342,0,2,2,2
73,-46.394290065186816,1,21.80853886055735,1,3,2,2
25,14.217709475380474,1,-17.79205659368575,0,2,2,1
26,-12.9907728188252,1,-45.4131028203678,1,1,1,3
75,4.468330875073178,0,89.5834048014674,0,1,1,3
74,-0.8197506838277562,1,9.550601003129913,1,2,1,5
21,-5.34151045180333,0,0.3469980768717704,0,1,3,3
0,-36.6893458146244,1,-17.066000887817438,0,1,1,4
25,-24.455623498335427,0,32.9963402530517,0,3,1,5
8,26.36251857660484,1,-49.47240298705998,1,3,2,2
4,11.728682883133636,0,-3.96068466841227,1,1,1,5
80,36.942444958432034,1,-26.082076073621103,1,1,3,5
29,23.461470253328798,0,51.497639721288536,0,3,1,1
8,-22.40434961259961,1,31.409368638883095,1,3,2,3
6,4.4154135712435405,0,31.791490876040655,0,2,2,4
11,5.605223736796482,1,84.64318448492023,1,2,3,1
98,26.31170984534465,1,-7.322530935094392,0,2,3,1
6,-37.654937029455084,0,57.30459692488992,0,2,2,3
34,12.196990420370433,1,11.812304130896216,0,2,1,3
49,-3.690329213650969,0,18.483189007099014,0,2,1,1
3,-35.86884918612098,0,85.8159920130777,0,3,2,4
27,-41.421309333318106,1,-35.610406303856145,1,1,1,3
5,-14.488750151042268,1,-46.780199514812324,0,1,3,2
59,7.1507644647353175,1,77.68190274915577,0,2,3,2
30,17.358694034189668,1,-34.25582406875277,0,1,1,5
66,4.757234936300392,0,-45.66243261793455,1,2,3,3
47,1.9602750810722256,1,80.16636718426142,1,1,1,2
3,-34.38467991724011,0,1.917730041254174,1,3,2,1
40,-31.559487355764237,1,97.62835355763494,0,1,3,5
34,-42.4099106568457,0,87.48048151705865,0,1,3,5
40,20.895378746764464,1,45.79215568138163,0,3,3,3
82,-24.052446843108736,1,84.68071648937385,1,1,2,2
81,-33.60535176041516,0,-15.50779952051078,1,2,1,3
15,-4.42097554777353,0,68.05091123377666,1,2,3,5
83,17.214977902484947,1,-33.41061212428609,0,1,1,4
30,29.373470809014677,1,47.64855514869109,0,2,3,4
81,-44.51815455210287,0,-25.98125316380406,0,1,3,2
63,-27.12468574837377,0,59.765755150517464,1,1,3,1
8,-20.005668039656534,0,84.86600273403587,1,3,3,1
66,-16.51942743406427,0,33.49334919978931,0,3,2,2
83,-0.14403829046499794,1,-27.158265349950117,0,1,3,1
40,20.004217247528018,1,39.51943945968317,1,1,1,5
98,-46.557181532004044,0,77.95788999061136,0,3,2,4
5,-22.43623329868005,1,-5.762368202182998,0,1,2,5
93,7.8896717134708325,0,69.45347505266746,0,1,2,5
85,-20.6025705832285,1,56.79506004535493,1,1,3,3
74,15.504361608407578,0,23.45754962350449,1,3,3,2
25,1.7170432337851693,0,50.66705847636699,0,3,1,3
89,3.8197649259054884,1,-6.933449584167178,0,3,1,2
91,-11.380631578457042,1,61.95342204527046,0,1,1,4
80,-8.891929995470548,1,-36.67364547789246,0,1,3,4
95,-13.44851496059782,0,11.183750404918982,1,3,1,2
63,-26.14457231981127,1,5.896380625705902,0,3,2,3
63,-27.775448934681673,0,21.955196679541558,0,3,1,2
91,33.736031242096544,0,70.44444382746349,1,1,2,2
51,-36.0636574544901,0,-24.49161074869302,1,3,1,1
64,28.85423223303411,0,11.645490346149458,1,1,1,3
82,8.702444129360835,0,-21.143542285366795,0,3,2,3
91,-35.85207099321886,0,40.96332643369594,0,2,2,1
94,-22.233025538419067,1,-15.724085092598386,0,1,3,4
78,-34.275555273585404,0,34.61666347840058,1,2,3,2
35,5.832252238684163,1,46.093321823244494,0,1,1,1
69,18.95756937304546,1,78.43397533978705,0,2,2,2
43,16.385245094664455,1,90.12135955668484,0,1,2,5
29,8.386525543908476,0,27.47328018089162,0,1,3,1
32,-5.7070996638008396,0,59.59872673823553,0,1,2,2
35,3.435058742160429,0,49.40926499484816,1,2,2,1
7,36.552074691170475,1,84.77450556368461,1,2,2,3
25,-0.6123766836761035,1,91.75073039281048,0,1,1,4
32,-6.443970741299374,1,51.99378912372798,0,2,1,3
50,-24.47915591524223,0,87.22690250007318,0,2,1,5
18,-41.98631929104998,0,73.47837560402887,0,3,2,3
69,-4.0099313949802635,0,-47.753757507445904,0,3,1,3
32,31.282084465656965,0,31.556586482677247,1,1,1,5
33,-29.00847088827511,1,49.21765923061581,0,1,3,2
30,39.76097133586751,0,-14.071894408055869,0,3,3,5
58,-47.800585755368594,0,69.1328695535164,0,1,3,5
29,-4.960444780625927,1,-10.497835730328028,0,1,1,5
24,31.984444975109284,1,89.86913520525928,0,3,3,5
82,-49.82400877813645,1,-32.026944585141244,1,2,3,1
14,29.825008510362608,0,-39.51063130875481,0,1,1,1
96,32.29724879785,0,85.14436906858532,1,3,3,3
66,-11.094467877132963,1,28.406263075561696,1,1,3,2
6,-6.322660713993393,0,-28.172636618444148,0,3,1,1
74,-31.543572871201484,0,-14.91536298797103,0,3,3,5
8,-14.428732317159515,0,-14.069415402794533,0,1,1,2
5,-26.415597112568737,1,37.88454036072889,1,3,2,3
47,32.04100996745754,0,-6.689456412224445,0,3,3,3
89,34.90003603132719,0,77.00711627113115,1,1,3,1
71,-16.370274760604403,1,65.62310615558228,0,2,3,2
65,-48.80463929837159,0,54.99603641332824,0,1,1,2
80,-28.592453984524713,1,-49.3927853889634,0,1,3,2
60,-3.434430445083322,0,92.23205375183034,1,1,3,4
9,-44.096372514132,0,83.48619058115321,0,1,1,2
53,5.19281524086508,0,-48.14689056868008,1,1,1,3
93,-18.970347092338734,0,8.92666351512922,1,1,3,4
78,4.275428812573331,1,59.42186979341584,0,3,3,3
68,10.809003300870586,1,14.551234156540701,1,1,3,2
52,-23.205847947053083,1,-42.675442202615486,0,3,3,1
15,16.006968810240153,0,36.274762332830235,1,3,3,1
55,-20.457451430199495,1,0.6222405395734114,1,2,2,2
51,-4.333384980810038,1,67.41022489601941,0,1,1,2
66,-16.694539708685312,1,-41.87694801244621,1,2,2,2
34,-34.0426823580785,1,21.696287636848723,1,3,3,3
43,27.088734688286124,1,29.483716893066855,0,3,2,3
90,-35.51235545416685,0,57.24158856822987,0,2,3,4
26,-35.91803222278607,1,2.696421489188417,0,2,3,4
6,13.749297399100485,1,14.295993206669678,1,2,1,5
24,27.91337233782548,1,70.2187472885988,1,1,2,5
52,29.70490878300825,0,-7.96187650093389,0,2,1,4
72,-35.04239208553014,0,-33.07180413397461,0,2,3,5
33,-4.005611561521839,1,90.82158571182973,0,1,3,1
36,-31.067193541633507,1,-8.10000132983987,1,1,1,5
17,-27.05534706672455,1,62.92002099291172,0,2,3,5
5,-38.19039259428878,0,69.90976976146649,1,3,1,4
27,-6.399045379664017,0,51.41652550239169,0,1,3,2
75,9.196352417055351,1,19.65490650999405,0,1,3,4
68,35.06739315261932,1,-40.4958426426622,1,1,2,4
36,29.477807577105864,1,-22.68388295248246,1,1,3,1
9,-45.46904986896763,1,42.66505322725378,0,2,2,5
2,39.21183582180295,0,77.14042194144926,1,3,3,1
81,-26.10611522496511,0,1.9258936734037206,1,1,1,4
45,-48.663962536327475,1,35.59915264988615,0,3,1,5
71,8.351632557820821,1,-45.313544566917265,1,3,3,1
83,3.682089276803623,1,-49.93908206348443,1,3,1,4
89,-28.688033092729704,1,82.32480574204814,1,3,3,4
88,-7.45304252967167,0,-31.924470834836754,0,1,1,2
47,38.43174773494094,0,-44.080057763115526,0,3,1,4
19,26.927836275734876,1,0.6123313132499391,1,3,1,4
74,13.936438800852237,1,70.04441872598235,0,3,3,5
67,-44.01154035031725,0,-14.553909396401323,0,2,3,5
9,12.852800990797682,0,16.587720268160183,0,3,2,4
97,3.237927728226296,1,86.01936337410712,1,2,3,2
66,27.886160601715446,1,-49.67280689306613,0,2,2,4
22,37.24076595430505,0,-41.52652129894337,1,2,3,2
90,-30.68795151916233,1,65.74460067636808,0,1,2,2
44,8.951146855043831,1,-9.010154559199172,1,2,1,4
62,23.559518785167384,0,5.011690271924479,1,1,1,3
41,12.093834646025101,0,77.727178540199,1,2,2,5
100,31.83992476460658,1,-46.18473694247877,0,3,3,4
83,5.957304734972453,0,27.905808087169603,0,1,2,1
48,-24.665301550882646,1,-47.12547198787064,1,1,2,5
24,31.592687788260918,1,-6.87804357403737,1,3,1,2
30,15.773267089828465,1,-25.317932071778326,0,3,1,4
27,-34.71072272490481,0,58.11474949299638,0,2,1,2
32,20.509573571265918,0,93.18980847791187,0,2,1,1
76,2.505263184384283,1,91.73568218565688,1,1,3,1
49,27.227794872732275,1,80.91008556664349,1,3,1,2
40,12.81843205653854,1,-32.679086156514025,0,1,3,4
22,37.80468879832989,1,-49.991925314165364,0,1,2,5
24,-19.813072232469107,0,83.59322187382136,0,1,3,3
59,37.77967948019824,1,48.01685000558173,1,3,1,2
54,8.455727191350064,1,69.52998066396357,0,1,1,3
26,29.66394483607783,1,40.70446689877946,0,3,2,3
16,21.331780090097155,0,51.119847350031975,0,1,3,4
43,-0.7503602761578918,0,-15.45769014284852,0,3,1,3
3,-23.642317699270077,0,50.01855688270906,1,2,2,2
29,17.5425936374819,0,81.87888380561043,1,3,3,2
93,16.36431015132257,0,-16.86696926562817,1,1,1,1
31,10.64520237026376,1,-4.890435531373235,0,1,2,3
54,-0.9001146612361666,0,-41.74497418942225,1,3,1,3
69,-45.50701910370442,1,65.26118127491,1,2,1,2
12,18.689364202368253,0,-31.60253641648477,0,2,3,4
62,14.113593069004793,1,12.858136290145126,1,3,1,2
2,13.986261478372505,0,37.86059463298467,0,2,2,5
22,-2.7434438944391673,1,91.53309842165905,0,2,2,1
20,-46.040394604911526,1,-36.97155577953629,0,3,2,3
86,2.8343952014349227,1,24.16185879812373,0,3,1,5
2,-40.49501220109693,0,71.538770752565,0,2,3,5
5,16.682152119591805,0,-16.636417962781216,0,2,2,1
70,10.947926768720215,0,-28.063555892691998,1,3,2,5
29,39.13832343998112,1,-7.83088335871021,0,2,1,4
68,-4.528604051988921,0,86.59922078460968,1,1,3,4
74,-26.688895928574986,0,-1.0920688968628198,1,1,2,4
83,12.408744603952051,0,-7.8589250778142485,0,2,3,1
84,-33.15800659456767,1,10.340150704171961,1,2,3,1
91,33.43904541803879,0,32.75400650638731,1,3,3,2
95,-10.00435316093791,1,-31.213210121564455,0,2,2,2
55,-44.60139770391804,1,-26.77844527051657,0,2,3,3
64,23.042652095552,0,87.739705790307,0,1,1,1
54,37.00642380577021,1,88.18902230443439,0,2,3,5
76,21.424092543723688,1,-47.281883770516444,0,1,3,1
21,4.626591845440657,0,-48.24462086172332,0,1,1,1
96,-13.295316774081272,1,-40.67561628194094,0,3,2,5
1,-17.171605921845135,0,89.77106956072873,1,2,2,2
93,38.39239125194375,0,-34.57419892467546,0,3,1,3
53,-27.216061703566925,1,46.01693270650128,1,2,3,5
0,-44.82826414738987,1,64.60728820522877,1,1,3,4
58,-7.790254429705314,0,64.53562288919984,1,2,2,5
90,34.21718695136309,0,19.72782542943976,1,1,1,5
75,-24.437346030871854,1,84.39970187437763,1,2,1,1
30,-40.466196038577095,0,89.20593072844207,1,3,3,2
76,8.855027580586118,1,-28.737404203627676,0,3,3,1
19,-41.10281445730777,0,58.71148144911402,0,3,3,2
26,29.23728453046779,1,95.41472281928554,1,1,2,1
97,0.5478468383679669,1,-30.23005999780184,1,1,1,3
96,20.207460380352046,1,6.865950147054669,1,1,1,3
91,0.9729941545392435,0,4.317936092441471,1,3,2,1
3,24.128483805473493,1,62.524645665655314,0,2,2,5
75,19.58586234960319,1,62.42294031400367,0,3,3,2
17,20.685505610300083,1,53.84109521382385,1,2,3,5
23,22.528231692651474,1,43.62730360090232,1,1,2,3
66,-15.677893229544622,0,68.45760682695648,1,2,2,3
75,36.05571259597285,1,-14.997103335534668,1,3,2,5
40,-18.21812607625374,1,-12.290857094006356,0,3,2,5
89,7.310780830351575,1,40.23900459094672,1,3,2,4
66,4.0477806315224925,0,-36.414906956711704,0,3,2,1
20,-30.985061835456783,0,8.725968893212823,1,2,1,3
3,14.964101219589907,0,-7.318515158670216,0,3,3,2
33,-36.98461895864906,0,87.04419364502837,0,2,3,1
1,-18.068602867258235,0,9.6114279059639,0,1,2,5
73,-22.6521707441413,1,13.735665560860816,0,1,1,2
96,38.036780745257275,1,15.568564220161306,0,3,3,1
92,28.600245687998537,0,-4.837647885450181,1,3,1,2
52,-36.220000338172625,0,-3.2566389602859402,1,3,3,1
1,8.86991612666796,1,28.462640901144823,0,2,2,5
70,-11.771184207323138,0,71.88803390058683,1,3,1,2
69,-21.037437970706687,1,-22.179156825150727,0,3,2,2
80,24.4881815891887,0,-46.58110207649569,0,1,3,5
6,-36.02347446633006,0,7.7506285983333,0,3,1,4
24,-19.898625715390867,1,-1.1153723377651943,1,1,2,5
16,-3.1200414051550283,1,67.82639508093729,1,3,1,1
93,6.647362450272681,0,79.49849350507799,0,1,1,3
73,-33.96862719448079,0,-23.624463565383447,0,1,1,5
35,39.46658316749078,0,-38.505728271000756,1,1,2,1
51,-42.05941694009495,0,-6.592171584678731,1,3,3,3
58,-1.9013368227630352,0,-17.404920789758393,0,3,3,1
4,24.707310498766603,1,28.619633631069263,0,1,3,2
87,31.695798719486632,1,-40.83491582957243,0,1,3,4
20,-47.90273588804125,0,88.7564925664991,0,3,2,5
5,27.69147921288753,1,84.07856245638658,0,1,3,4
6,9.123007143123573,0,-47.542311000587134,0,1,2,1
10,-48.65335068061127,0,17.608964718332217,1,2,2,2
48,-49.53643274250503,0,92.43077215669678,1,3,3,1
36,-12.782923576016977,0,58.7755302131301,0,2,1,5
23,23.273450699027947,1,-6.611917204161209,1,2,3,2
62,-28.812880776117172,1,-12.592778105305243,1,2,1,3
0,29.43037816907841,0,32.03142084665687,0,3,1,1
69,-30.93515717806082,0,-40.16036334054612,1,3,3,1
39,-1.554392995476917,0,3.417814976927666,1,1,1,1
22,-2.9965936735191434,0,71.3609719341292,0,2,1,4
32,3.7905549317836886,0,-17.689028922614874,0,1,1,3
22,-21.490274220696865,1,-16.992624539218994,1,1,1,4
20,-31.895286834042324,1,88.56881093970227,0,2,3,2
92,6.443061805577521,1,10.050967452574447,1,3,1,2
93,24.455140661196893,0,69.44375182651991,1,2,2,2
18,24.41938791981123,1,70.55628644259347,1,3,1,5
48,-20.543566834736357,1,11.199517974671622,0,1,3,3
43,39.92350889038944,0,-29.769500583754656,0,1,2,4
26,2.1355533584439073,1,75.58251188378894,0,1,1,1
5,34.65035435544495,1,-38.79828487814185,1,2,1,1
96,-24.450990288849226,1,0.7890956597128778,1,1,1,4
17,31.672088872969397,1,34.72572372077971,0,2,3,4
6,-44.402834424371285,1,77.53591707202366,0,3,2,2
88,-43.451109873633136,1,53.28185117162489,1,3,3,5
80,-29.782315435628128,1,58.20543457959835,1,1,3,1
2,25.61337556194195,0,-29.311931628774097,1,2,2,1
29,18.688407868091033,0,28.85977155218204,1,2,1,2
30,-1.9754814154631788,1,-11.106499820000764,0,2,3,5
25,-30.38099522424373,0,25.00910308381887,0,2,1,2
59,-28.06310839077081,1,-17.974418002678746,1,3,1,5
48,-8.865465320458142,1,86.0269034860508,0,1,3,1
55,-10.046114452214589,0,10.129970672013933,1,3,3,3
37,39.235566840899295,1,-26.55200337766593,1,3,3,1
97,-6.052426959108935,1,34.78095603119661,0,1,3,4
7,-27.414450934529153,0,6.2110869813825715,1,3,1,2
51,-20.521813218856508,0,40.362355570679426,0,3,3,4
38,28.51213318637633,0,37.26579832223352,1,2,1,1
99,-39.831848565585155,0,-17.28660759815137,0,1,1,5
12,-42.77482022372347,0,20.62129216850714,1,2,3,3
52,38.966062135206414,1,0.0755608151588234,1,3,2,4
65,-1.3198213471559939,0,24.293904503799553,1,3,3,2
97,39.4500898054049,1,25.308864271614,0,2,1,4
9,-35.46453537549873,0,71.68941686347401,1,3,1,4
8,5.861250072564992,0,39.21564490728932,0,1,1,3
63,33.85035876667534,1,16.416148131402338,0,3,2,2
67,-23.525057567125174,0,77.55654912549653,1,1,2,5
46,8.864546552905225,0,-14.012677185355386,0,3,1,3
35,-37.29323188913861,0,-33.52509203982934,1,1,3,3
20,-42.49716489611012,1,10.837616461397438,1,1,2,3
21,6.538440796688292,1,87.87730576470324,1,2,1,5
31,-22.900444386939476,1,-49.18977758888302,0,3,1,1
94,24.4134168700611,0,36.20092000560149,1,1,1,1
5,-36.23619312422575,1,85.02968907668068,0,1,1,3
16,-16.67658035396078,1,7.140901199005754,1,3,3,3
92,-33.409385551666766,0,-13.996639604392989,1,2,2,5
20,-4.155866114273472,0,-36.67523999529256,1,3,2,3
66,-18.813174522484008,0,66.02885777006465,0,3,3,1
88,-29.09292916299622,1,92.17940569749771,1,1,3,5
96,-24.525047902457814,0,57.93476476610002,1,2,2,2
33,-28.8888849513538,1,47.75657141075868,1,1,3,1
88,15.778653617167464,0,95.88935652758343,0,2,3,4
16,-11.478271708259307,1,95.54632142472141,0,2,3,2
44,-30.379328674697764,1,72.32999777691465,1,1,1,5
79,8.442974303553555,1,14.182998947481124,0,3,1,4
20,-17.079792985125337,0,15.395250284751214,1,2,1,3
100,26.602670348549992,0,8.003026360213987,1,1,3,5
7,-8.159942482353166,1,90.28632099373226,0,3,2,3
8,-30.473620853888754,1,21.004146297254138,0,2,3,5
100,-12.105557579268158,1,-18.634474342805817,1,3,3,4
19,-4.649582564191043,0,-33.07530909668741,1,1,1,4
22,-28.573128938558284,0,-23.099458849282012,0,1,3,4
79,26.1909555816179,1,67.78376367806223,1,2,3,3
55,-33.8245025376789,1,92.59563910633264,0,2,3,5
67,4.28780320136201,0,26.790410821025702,1,2,1,3
58,-28.646931859809122,0,17.944831894618147,0,3,3,4
8,0.4080422303263802,0,46.02698794327131,1,2,3,4
43,-34.54889864954173,0,-42.93767455386083,1,3,1,5
63,-6.570416905932177,1,32.3949455196296,0,1,3,2
37,-14.836722705200621,1,11.363020870080739,0,1,2,1
46,21.987074528511016,1,47.512154977555056,0,1,3,3
61,-1.356212341853528,0,81.86484257678362,1,1,1,2
92,-11.267839399035395,1,24.12328534266922,1,3,3,1
38,-20.957405464625865,0,-28.579255792404997,0,2,2,4
47,0.18942706703082735,1,-43.99072338996591,1,1,2,2
70,-37.34318653470281,0,-47.7259057729679,1,1,2,2
66,-18.605476870066845,0,51.9459035713753,0,2,1,4
88,-22.710909224345027,1,24.166118532273245,1,3,1,3
11,24.510291021418098,1,11.525023540727922,0,2,2,2
58,-31.491473221772036,0,19.680231578062077,0,1,2,5
44,-42.05497964481372,1,49.2001262184595,1,2,2,4
18,6.376660173278609,0,55.44854463680247,1,2,1,5
56,38.19418856416834,1,53.79664373277376,1,3,3,2
90,24.757958860921946,1,88.20965885638844,1,1,3,2
70,19.05865215097886,1,68.69842720440415,1,3,1,2
24,18.53071672414461,1,38.54302888288956,1,2,2,2
69,-3.8688797092504714,0,61.29654043849378,1,3,2,5
57,9.221314814010391,1,31.982697259333392,0,3,3,1
67,26.601226971331457,0,66.40384802604919,0,1,1,1
19,4.43610460716193,0,3.3131835057100716,1,3,1,5
86,21.306966706639415,1,99.95813957386414,1,2,2,5
3,6.515817955961971,1,84.42088401869492,0,2,1,2
68,15.732643308873065,1,9.122318475261096,0,1,3,4
80,28.81191220037509,1,-28.11459118585944,1,1,2,1
31,19.473886906598196,1,69.41745635358,0,1,2,2
55,-5.277450447052814,1,-2.8247249417360365,1,1,3,4
69,-26.33291457497999,1,59.38291456684814,0,3,2,1
82,-45.91551219598345,0,99.70733138630911,0,1,1,5
48,-49.399794439697786,1,16.16871626439945,0,2,3,1
13,4.345643619987435,0,-24.66677935090471,1,1,1,3
11,-11.842865178509584,0,2.208913412226771,1,1,1,3
80,32.86756928707969,1,86.3614151018223,0,1,3,2
86,2.3134503621272557,1,-49.83433819673635,1,2,1,2
57,-15.731619218860352,0,3.789288622988124,1,1,3,1
28,-22.448141879040314,1,-36.131764998743954,1,3,1,2
22,-17.826595451144115,1,10.039114796179774,0,3,1,2
98,-7.8631466930248095,0,-22.44160022044777,0,2,3,2
18,22.000972548048537,0,60.44897209451409,1,2,2,1
39,35.41179022211186,1,59.38618894649352,1,2,3,3
18,-1.5609681872099799,0,-34.3995548879333,0,2,2,2
35,-34.9523635379861,0,26.409246123192716,1,2,2,5
38,15.00787067599505,1,12.7077620854038,0,3,3,3
55,4.648553308699505,0,4.169154007630823,0,3,2,5
22,-10.903375913758367,1,-7.803178392257706,0,3,1,5
65,-17.081115722464958,0,53.435835352006634,1,1,3,3
29,4.134778073340733,1,2.520213437367225,1,1,3,3
24,9.933173721339294,1,14.44770814362586,1,2,1,5
53,9.89420547172216,1,-3.64079590946033,1,3,2,2
2,-44.846527505440974,1,69.70454233005641,0,3,1,1
90,38.61693390719235,0,25.48603597731247,0,3,1,1
82,-6.728632218128368,0,19.602752314841837,1,1,3,5
60,-4.072664370265457,0,40.70501497587978,1,3,1,4
29,29.622022692767032,1,53.32395553695976,0,1,3,2
20,-42.39757123819965,1,-22.06821950215873,0,3,3,4
65,30.246251112010228,1,-44.25717196663737,1,2,1,4
33,17.024709628073296,1,72.57851081907677,0,1,2,2
60,14.689317686793217,1,81.49147381170198,1,2,3,2
76,27.54817652848716,0,26.78092117279536,0,3,3,3
37,28.950325821293447,1,-11.475367745997147,1,2,2,3
44,11.563944332107873,0,0.9833293667948695,1,3,3,1
23,-28.91320918337189,0,25.119019123762115,0,3,1,2
49,28.46781914471056,0,43.16832682497984,0,2,1,5
3,22.59633960163194,1,85.27475969809578,1,2,2,5
65,26.122991385809,1,-29.4118591237298,1,2,2,5
21,-31.248022541594896,1,-37.8288171198003,1,3,1,5
6,34.283170154060215,0,-3.4177818193623324,1,2,1,3
76,-46.17255939055174,1,-9.937810077175783,1,2,1,1
4,7.512435981557502,0,-22.521346999799064,0,1,1,2
43,2.98806408163599,1,4.041614536889178,1,2,2,1
85,36.82146833621309,0,95.96766309196178,0,1,2,4
31,27.610849491213997,1,83.44783747450478,1,2,2,2
66,-45.48411049387341,1,83.06721637246275,1,3,3,2
24,31.421166408949205,1,54.800344185727866,1,2,3,2
5,-28.00009860119074,1,16.917057241435813,1,2,1,2
79,-20.58835672935985,1,87.95719772023881,0,3,3,3
51,36.84499743764853,1,-36.371348397110104,1,2,3,3
99,-27.43892113113409,1,61.98297687934448,1,3,1,2
19,-36.951790198740284,1,96.01693012206198,1,1,3,2
79,-5.353580003652631,1,20.152067610465238,1,2,3,1
74,-27.566895695880646,1,-0.212619205739216,0,3,2,3
84,25.080312637281537,1,-25.041632200108204,0,2,3,1
68,-47.75045672192846,0,27.51540952292524,0,2,3,2
98,15.063476234010025,1,-14.262697146433553,0,1,1,4
81,20.46832028619677,0,-33.583461845037206,0,2,1,5
92,-8.523519570294056,1,81.7904503156949,1,3,2,2
74,8.203588152486091,0,10.238860208672357,1,1,2,1
92,6.5270947012411185,0,-6.860118734530616,1,3,3,5
10,-13.017862380927319,1,81.1291165885226,1,3,3,1
69,9.440630455109833,0,95.2432266618018,1,3,1,1
60,-6.459099416424351,0,-3.0288354276009457,0,3,3,1
1,35.620249093650074,0,11.915767672059879,0,2,3,3
65,4.44590479613386,0,-46.204451178602156,1,1,3,4
40,12.466529514472036,1,-0.0016174566708571092,1,1,1,1
65,19.818032134808718,1,-0.7046438236241244,1,3,1,4
68,-35.95097105500429,0,6.84051124523846,1,3,3,5
90,-2.0618724520267833,1,-34.836637839913465,1,3,2,2
25,-9.5656007609714,1,-10.817671770564608,0,1,2,4
95,-42.510895254175544,1,11.896873082710727,0,1,1,5
85,-28.226528709034774,1,23.52713382925046,1,2,2,4
91,-26.654627885827384,1,29.561454665926234,0,2,1,4
53,-12.398257261172148,0,47.37380984201117,1,2,3,1
98,-33.54495082363886,1,-48.18249187477556,0,2,3,1
13,15.654311029117281,0,38.10728298435819,0,2,3,2
87,-40.47095203465141,1,23.80470217091826,0,1,1,4
82,-17.944425338540498,0,46.02039206042697,1,1,1,2
49,-20.113998634303957,0,23.622309066100627,1,2,3,4
44,-22.586177571613433,0,41.264557239999164,0,1,3,5
10,-40.92024782221482,1,21.531686131929973,1,3,2,1
77,16.00868460062624,1,30.814854647635215,1,3,2,4
9,-14.361682093923058,1,71.37060322545517,1,1,1,5
77,35.00553643150619,1,67.22163254676722,1,2,1,5
52,19.56596819230785,1,-30.822185574062278,1,2,1,3
92,-14.562719893549804,0,98.48450341943672,1,2,1,3
67,6.363057065605915,0,14.12342637036781,0,2,3,1
51,-16.60939166312218,0,60.51635905328726,1,1,1,3
75,-11.055145932471724,0,36.320971967928116,0,2,3,4
68,6.02210553113737,0,98.48942361999914,0,1,3,1
21,34.411208752354824,1,72.59503626391269,0,2,3,3
91,-6.466444860585732,0,-8.967369028954082,0,2,2,5
74,27.832944220531886,1,-7.130363998509907,1,1,2,5
87,12.781366775762123,0,-11.382834863199626,1,3,3,5
96,14.217459511382316,1,95.03435808117788,0,3,2,5
93,20.420509637594634,1,4.065432031686065,1,1,3,2
97,-12.329674486000762,1,-5.42746247228186,1,2,3,3
19,19.113383106599215,1,-46.00193305911389,1,2,2,4
71,10.80714056366066,0,-8.011446727864389,0,1,1,2
38,1.7271514579366496,1,-8.001471474881107,0,2,1,5
66,-21.696382451027596,1,96.67480878841067,0,2,3,3
35,-17.74462762693114,0,-16.94366633119234,0,2,2,4
75,-23.705201086140637,0,38.37467883232169,1,3,2,4
79,-23.14381192640831,0,-13.418961117399604,0,2,1,4
87,34.274435550901,0,-21.90963247744048,0,3,3,1
12,19.41286236474346,1,91.47599350181298,0,1,1,3
16,-19.560539144003243,0,-44.885703151192004,0,3,2,5
94,-0.772986195730347,1,-26.24263905224214,1,1,1,4
18,8.519551348159773,1,53.1283934826718,0,1,3,1
35,-2.5445154259943124,0,11.418291346349449,0,1,2,1
31,9.225394882835289,0,-17.405518666842035,0,3,2,2
74,-38.39211784457713,0,-33.55913530792522,0,2,3,2
4,25.43143777221684,1,71.22740068196808,1,3,2,2
47,-15.879136204435497,0,-11.92103521685695,1,3,1,5
46,7.75393326742163,0,-47.665842148871995,1,1,3,5
69,-17.417763708088422,0,-3.0203880770414315,0,3,2,4
32,0.4710936044143921,0,-5.56952114360233,1,1,1,1
95,34.74201899934036,0,74.80865371659822,0,3,3,5
32,-26.96123867311619,1,63.77012382848787,1,3,1,2
5,13.137496901356393,0,5.482763924961752,0,3,1,4
10,-19.5784465778126,0,16.076244639721835,1,2,3,4
25,-27.413187844173216,1,37.18042819833174,0,1,3,2
85,22.4633148617351,0,-5.355521501599888,1,3,2,5
91,2.2519905694594087,1,21.74116259860621,0,1,1,5
1,4.3582291738554275,1,-30.742403094046296,1,3,2,1
5,37.045857882118355,0,23.28342477677029,1,1,3,1
82,22.499961841535068,1,12.072888851346327,1,1,3,3
44,15.273493333939385,0,60.17779530413722,0,2,2,5
75,-5.6611680141703715,0,-2.6525338388961686,0,3,1,3
71,28.044250348315487,1,84.6336826486245,1,3,3,5
0,11.666540062775141,1,-35.88219777510528,1,2,1,1
76,-5.003158442654296,0,59.17456633672748,0,2,1,1
76,-28.77655533012595,1,17.416738723879078,0,3,2,5
12,-44.21308096920856,0,55.841145396060185,1,3,3,5
51,-35.45665953328227,0,-29.6657695285359,0,1,1,3
65,-9.911402170821951,0,-39.28077218170863,0,2,2,3
66,-24.381076776745452,0,-1.126228878548389,1,2,1,2
57,-20.988215123045382,1,38.53721858076304,0,1,1,2
79,15.117332982656166,1,-5.699493419516685,1,3,1,3
38,18.759457656836616,0,83.31151472248027,0,2,1,1
48,-46.87735819975242,1,-20.70944256766434,0,1,3,5
55,18.330599447015814,0,70.39318976385509,1,1,1,5
42,-44.026667881603416,0,68.8601374879963,1,2,2,4
77,14.824897488075237,0,72.0423538472712,1,1,3,5
59,30.851356723610337,0,85.45773990347303,1,1,3,2
5,-29.886920129352106,1,-3.7818263170951667,1,3,1,2
47,-6.447049799789589,0,-49.34504251992225,1,1,2,3
93,27.817146697962286,0,31.130350073768042,0,3,1,5
41,24.3152404844638,1,26.86397596760348,0,1,1,1
15,14.504883405290542,0,31.392153899602576,1,2,1,1
54,-39.15746793070704,0,71.89900914982381,1,1,3,5
75,7.682634848826268,1,29.803128059520333,1,1,3,1
90,-31.384262711766088,1,-15.298915528579393,1,2,1,3
3,-24.987788057089887,0,-28.26528193524115,1,1,2,3
97,-29.589794138146768,0,71.59093370735548,1,2,3,2
61,-32.7202311152994,0,28.814200562946752,1,2,1,5
87,-34.724473574017026,0,26.993494261906108,0,1,1,2
37,-27.52429346261081,1,1.9646022251637163,1,1,3,1
22,-34.935096517243,1,85.8612849688435,0,1,3,4
40,-16.18449383193588,0,-11.519885493594884,1,3,3,5
42,39.24504345013776,0,35.602111575491634,0,1,2,5
98,-44.85341308046767,1,-14.674786291598885,0,1,2,1
23,-45.83523174879541,1,72.44977159737236,1,1,3,1
24,-38.227999159180335,1,-45.176483594013405,0,2,3,3
42,11.884868972480284,0,-5.753459256248661,0,2,2,4
17,-20.1377590418495,0,10.233180559191347,1,1,3,2
76,-5.534830671656252,1,80.56549328437663,0,3,1,5
67,-6.94454711286248,1,26.00582209052729,1,2,1,4
33,-34.53451944163636,0,-38.02143651623527,0,1,1,4
5,29.13092417379191,1,64.2629541885365,0,2,2,2
54,35.75436321705678,0,-42.78958014576054,1,2,3,1
34,4.395629459621581,0,-13.749981438520805,0,3,1,1
0,15.194867769437565,1,13.329317000442877,1,2,3,4
77,12.900621393715276,0,65.42963822291112,1,2,1,4
47,-13.791435322042808,1,94.57271823629924,1,1,2,1
92,7.7588549515057395,0,-41.40648164863546,1,1,3,5
24,-36.24434872095028,0,93.43560141853143,0,2,2,3
83,22.37058161865548,0,67.78410215376924,1,3,1,1
12,-20.67203552577053,0,16.500403425193227,0,3,1,5
38,-9.118813001215727,0,-6.742843692402722,1,3,3,4
95,-14.127333078479346,0,67.79660081008007,1,1,2,4
88,-18.235312358389677,0,5.757590385647241,1,3,3,5
32,18.629011896530457,0,86.48012238839331,1,3,3,3
37,12.048794214597464,0,44.32219819042841,1,2,2,2
53,32.48054394613892,1,99.62798624514684,0,1,3,1
5,-18.349486714327902,1,96.98612739834479,0,2,1,2
94,-13.237481187846171,1,29.14380234592329,0,1,2,3
8,2.00337224378697,1,-9.124686873735321,0,2,1,1
33,25.415347182650507,0,55.36920283564345,0,1,2,4
29,-40.07447382516816,1,17.900753081443682,0,2,3,3
74,-3.574102238103052,1,32.031363110148476,1,2,2,2
55,-44.48188403499384,0,2.3908443007688263,1,2,1,5
91,-31.13579030990736,0,-35.71976415796765,0,2,3,4
92,-23.441176638464704,0,23.548976731557985,1,2,1,4
33,26.068992998215535,0,34.83382254819803,1,3,3,2
35,29.45424801651926,1,28.549567530541125,1,1,3,5
85,-23.445233039235433,1,-38.062116604714944,1,1,2,5
51,29.069235003286167,0,56.1548768553197,0,2,1,4
60,19.944576828744204,0,29.18036148127719,0,2,2,3
36,-33.89816574516336,0,-1.7643718307779608,1,3,3,3
73,-2.9402150574533863,0,-1.707075792611974,0,1,3,4
56,-5.007079424068728,1,-25.569890648077376,0,1,1,4
51,-17.979037997382157,0,70.07005328344084,0,2,1,1
25,-9.893201983504625,0,28.88727907601104,1,1,1,5
48,-4.890944205847909,1,2.038712852266734,0,1,3,3
49,0.40772468568604836,0,-32.63300707035712,0,1,2,3
22,11.095100247579005,1,98.9784161078887,0,1,2,1
6,29.359547046543682,0,-37.70462420394348,0,3,2,1
84,-45.251338475096155,0,91.72596750626752,1,2,3,5
45,38.443237512648594,0,91.39207282593219,0,3,3,1
20,31.467625658629515,0,-46.589693847286526,1,3,1,3
35,0.521568071614098,1,80.29414290615873,0,2,1,1
9,26.126040052627133,1,66.429884039309,0,1,3,4
34,22.41659889933564,0,-37.5241032989567,0,1,1,3
1,2.4549818122949745,0,29.51699598762457,0,2,1,3
71,39.44211864307229,0,33.311980738875874,1,2,3,5
20,-10.123208905671497,0,-1.7527558456756296,0,3,1,3
52,-30.840296860020196,0,81.20375754722059,1,3,1,2
81,-12.234305836445031,0,34.64847753062958,0,1,1,5
24,34.97923715281442,1,79.30375791659506,0,1,1,1
93,-28.484229145865243,0,43.49503837416641,0,3,3,3
61,12.232115939206558,1,-20.726817524535768,1,1,3,1
87,29.668026054197853,0,99.75398010821411,0,1,1,1
87,35.11330986124152,1,34.943368859857884,0,3,3,5
79,24.75478798655834,0,-47.26028681912852,0,1,1,3
11,-8.337667078689478,1,24.027811341357364,0,1,2,5
73,-16.635882187137717,1,-23.948316320715477,1,2,2,1
43,25.25300824431737,0,59.37397438110753,1,1,1,1
74,-17.86780782414727,1,78.88974089015397,1,2,2,2
94,-28.99399271205121,1,85.20083553429546,1,2,2,4
28,-30.714115922278427,0,65.01988196633278,0,3,1,2
87,22.771888587185728,1,20.871660187642306,0,2,3,4
57,31.53866185573463,0,96.71418259644744,0,2,2,2
48,-20.09869305009731,0,-47.1303863130478,0,2,2,3
46,36.138340375590985,0,-43.61053457187434,0,3,1,2
12,21.322081238471327,1,43.24753562992274,1,1,1,2
70,-6.854357370309778,0,-5.81387751806232,0,1,1,3
25,3.3707824486532374,0,31.783353316371745,1,2,2,4
59,-2.243521456526821,1,-39.020992630147155,0,1,2,1
70,-16.152771236672102,0,63.98944326060777,0,2,3,5
36,-20.764918177703795,0,93.89735392301819,0,1,1,3
86,-34.55145983100189,0,31.056910547630196,0,1,2,1
48,-12.063668657698742,0,29.587872445169097,0,1,3,3
79,-8.161775640641586,1,-43.490924381505096,1,1,2,4
79,6.5181562894398155,0,17.37040159097991,0,1,2,3
11,-35.14403784970584,1,7.4225167831626635,1,3,1,1
28,-18.525764452449067,0,52.51953785516113,0,2,1,4
54,30.37092553146931,1,-13.122802831255953,1,2,2,1
7,-12.43961443720309,0,53.32927594691142,1,3,2,2
75,-27.726014731886792,0,35.110603583057326,0,2,3,3
95,7.618629490691156,0,-38.9711353638066,1,2,2,3
88,6.228743992926745,1,-35.99780632273985,0,3,2,1
40,24.09197963907829,0,10.584026738116101,1,3,1,3
95,19.388290131503354,1,-24.834539092635932,1,1,1,3
32,-30.03209390247057,1,29.661762027106462,1,3,2,1
57,-10.585811006323773,0,7.265622012078296,0,2,3,5
68,-18.880320004872942,1,64.06403415517914,0,1,3,4
9,-7.193981831229884,0,-48.00424963662192,1,3,3,2
23,30.264324636189883,0,35.75996063852804,1,2,1,1
33,-34.301370512087374,0,36.917913332678424,1,2,3,5
59,34.73968664502783,0,-13.268611982969936,0,2,1,4
35,-8.916374051454312,0,-47.6988814152003,0,2,2,4
22,16.038233427945016,1,50.65261269630244,0,3,2,4
98,-49.30682907327915,0,-9.332538027861695,0,1,3,4
13,-8.626527332350896,0,-22.66875083759225,0,2,2,4
82,2.5332775619854644,0,78.79518186631037,1,1,1,4
56,2.777653269879039,0,1.5201982141296284,0,3,3,1
21,-48.60169963311398,0,-42.137530624805244,1,3,1,1
64,-33.76697112309462,1,14.753753576636427,0,2,1,4
58,7.822854958122292,0,-36.751223079922134,0,2,2,1
76,11.633621965114571,0,40.755643712461676,1,3,3,2
97,-41.413235347478064,0,40.364775207945854,0,3,3,3
14,-21.958344493486322,0,-9.22896527338655,0,2,3,2
3,-49.9255216704087,1,-4.174340106897375,1,1,1,5
81,31.96777694813025,1,86.61594595097324,0,1,3,2
25,-10.199914573518903,0,-25.6994191350792,1,1,3,3
81,20.185210265232314,1,-24.62343104316025,0,3,1,1
97,-17.014140706979028,1,21.711947465419428,1,1,1,4
76,-28.57641229374203,1,47.35660525693072,1,3,2,4
86,10.510210654625673,1,13.38591001455491,0,2,1,5
74,-49.44269741478428,0,-7.38805842606903,1,1,3,5
4,-43.96118508901133,1,6.592542385566205,1,3,2,5
44,4.382741964149645,1,-40.94038572846432,1,3,1,4
79,6.2618675065427425,0,-37.53460199524865,0,2,2,2
98,20.514105594032372,0,83.64699608247466,1,2,1,5
8,-3.8842163265453706,1,45.30817351567555,1,1,1,5
17,-49.61983614543303,1,61.42366496527582,0,3,1,2
89,-31.321232664089127,1,-26.840716461189896,1,1,1,5
59,-0.8125405150333407,1,96.43301386112881,0,1,3,3
76,-33.46136940215433,1,93.35362898851889,0,2,1,5
91,20.14823851819598,0,61.36908257448417,1,1,3,4
7,-42.82488145315582,1,-29.824967707371787,0,3,2,1
7,36.20791454587565,1,96.1208271760606,1,3,3,4
20,24.401830959497744,1,69.75463023414723,0,1,3,3
39,26.554782976093634,0,68.56698119196734,1,3,3,3
91,10.896158907745424,1,79.36382285434041,0,3,1,2
92,6.327377682330486,1,-43.69108325308951,0,3,3,4
51,-9.842396353025933,0,-28.08798664013519,1,2,2,5
48,27.271785567655982,0,2.6233835352547388,0,1,1,2
20,24.287961949016037,0,-21.41710390743054,1,1,2,3
96,-13.964021859407488,0,52.45953579810376,1,3,3,3
76,8.911841699614236,0,54.59168996112538,1,2,3,2
13,1.981478256211524,1,99.52207179659544,1,3,2,3
74,-1.4212038673534408,0,73.61663199707704,0,3,1,2
29,-49.82332496174549,1,-13.83428243070405,0,3,2,3
81,15.904676389232591,1,11.070768428311936,0,1,1,4
0,6.038506826148179,1,-3.872661062957391,1,2,1,2
15,6.790720743121405,0,71.48349433717426,0,2,3,1
29,-10.940818596693163,1,90.14148212656491,0,2,3,3
65,-9.374754832865413,1,31.105347630761557,1,2,2,2
9,-40.146575328221,0,19.42442037137498,0,2,2,4
88,20.472450267341713,0,10.544833784117316,0,2,1,3
100,-25.684610816871764,0,26.074319386528245,1,1,1,3
87,-21.553884410413673,1,12.727206557221663,0,1,3,5
0,-31.645062971631877,0,-8.631647574111653,1,3,3,3
3,25.66425482804729,1,-23.51661500841479,1,1,1,1
65,-13.681696788694637,1,39.474120090727396,1,3,1,1
90,-38.22419712216437,0,98.67910664686028,1,3,2,1
6,27.18172032818407,1,83.78485273283349,0,3,1,3
17,30.760577797590543,1,58.189897830706045,1,3,1,4
25,-3.9008221410595567,1,-33.96566647410087,1,2,3,1
93,-8.262755997224389,1,-36.4793740832411,0,1,3,2
8,13.699462295625608,0,-45.17710763178847,0,2,1,2
81,-39.00650601448599,1,20.834478242124533,0,2,2,1
20,-47.50963340526038,1,79.41215645922549,0,2,1,3
39,7.9649317532378205,0,-4.918930933452479,1,2,1,1
62,24.287559411875904,1,15.190954540620965,0,2,3,2
39,-24.135142020607272,1,36.280504112960585,0,3,3,1
27,9.224400960436533,0,26.897447465654523,1,3,1,4
27,38.56350248323753,1,77.36824995317167,1,1,1,2
93,7.412574148137203,0,93.11199632680305,0,2,2,1
50,-42.688780764248946,0,60.52620720284237,1,2,3,3
42,-15.36011759860284,0,57.69536991961213,0,1,2,3
66,-5.698933249648228,1,52.134553717696235,1,1,1,1
97,18.316792217540737,1,50.73516568335991,0,3,1,3
61,-7.262548474412611,0,41.113588520461036,0,1,3,5
10,5.65726832143698,0,64.99192884149092,0,3,1,1
83,-23.585405807101242,1,42.02129554691285,1,2,1,2
95,-12.751670005278264,0,50.06275597410044,0,1,2,5
46,32.63216811719059,0,4.101593754183682,0,1,1,1
73,-42.592943478515345,0,-36.109642330222854,1,3,3,2
98,-7.950455534398003,1,-40.60239050859854,1,2,1,2
71,-6.196358913423353,0,9.815181753241582,0,2,3,5
69,4.032934919382626,0,-5.515004516802733,0,3,2,5
43,-1.602040710955606,1,40.86312003387711,1,1,1,3
63,-38.125681460208746,1,33.22978090921322,1,2,1,1
88,-22.635173615432002,0,77.99363957980232,1,3,2,5
74,26.769856226460078,1,41.11357695211049,0,2,2,1
26,-46.81478811840778,0,87.9805194254966,1,3,3,2
61,27.571359926945263,1,-1.3177935541079222,0,1,2,1
0,-13.576567348550626,1,-28.295540632325483,1,1,1,4
4,17.46621458155157,0,22.85043963667495,1,3,2,4
80,-24.78913341648755,1,-4.556845253232872,1,2,3,1
28,33.02305737028699,0,-45.294464211603184,1,2,1,4
73,-34.996567015848214,0,24.266285412530266,0,2,2,5
44,-38.96676545236119,0,31.32792396730204,0,3,1,1
80,-12.779288602797124,0,46.576850501795434,0,1,3,2
44,2.190465767761573,1,-20.887143685970628,0,3,2,2
39,18.21959741910709,1,52.68458028385619,0,3,2,3
100,6.979440683409521,0,57.53116762172138,1,3,2,1
98,14.844287456461515,0,-22.966999471909137,0,2,3,3
70,3.2942518523262265,0,-12.731217041143402,1,3,2,4
39,19.393282424766042,0,53.509168393249126,1,3,3,2
61,38.925932506609826,0,56.74655618918737,1,1,1,5
31,-12.160090640399787,0,-3.9385984110174164,0,1,2,4
2,-25.080776970821855,1,33.48509504334858,0,3,1,4
84,3.7309094117461328,0,31.873497658214347,1,1,1,1
88,-0.49199942539052444,1,47.34885184185386,1,2,3,4
67,-26.400413601980883,0,10.387909454228186,1,1,1,5
62,-43.13559902208775,0,-12.15411485418781,1,1,2,3
27,11.646228281172611,1,25.795176430609132,0,3,1,4
58,-27.446336776047044,0,49.929167481940596,0,1,1,1
95,16.5680745403768,1,93.62204420903609,0,1,2,4
62,-7.730362870719134,0,6.800523198444026,1,1,3,5
24,-31.856681837485212,1,90.60146644881968,1,3,1,2
67,-2.8354245556658455,0,99.7439353623532,0,1,1,1
0,-37.977687120481875,1,93.79055527895807,1,3,3,5
15,-29.07094543242502,0,13.985876308443423,0,1,3,3
24,-32.52371714549591,0,-26.103251852351093,1,1,1,2
20,-5.6445080251044075,0,-26.48479757420505,0,2,2,1
44,-21.698376073373172,0,33.51046065395987,0,1,3,5
19,-24.67786285639012,1,-0.977359007695469,0,2,1,5
99,-41.216472230455494,0,-15.03768978999912,1,2,3,2
19,3.496970560005991,0,-47.0258027645478,1,2,3,5
47,-43.0327658597706,0,22.744087239920148,1,1,1,4
90,24.300045179455196,0,-30.31433850269016,0,2,2,3
30,29.12195028732286,0,80.06613553115142,1,3,2,5
78,28.30069863053447,0,40.18149495099314,0,2,2,5
63,13.45406642965493,0,69.70617000009075,1,2,3,1
11,21.64457359018762,0,8.319943962065466,0,3,1,2
71,-12.281439476098967,0,-13.0418758319054,0,3,3,4
8,-16.167623379308083,0,66.9226897639296,1,3,2,4
40,12.291767593482362,0,-34.056576305408626,1,2,2,4
2,5.299743605574903,0,-41.92820314487185,1,1,2,5
87,33.826409228693166,0,-7.34594135172302,0,3,2,3
99,0.06660441972783104,0,-39.01385600905677,0,2,2,2
35,37.2679672334975,0,61.594616297685775,0,3,2,4
76,33.78679626908995,0,13.86236544128554,0,2,1,2
95,-44.49225245991862,1,-27.261651541879395,1,1,3,4
78,17.81533667739788,0,19.657779835221206,1,1,3,3
57,2.986145449122759,0,83.80705570753562,1,1,1,2
8,3.553119578368303,1,41.17081544316909,0,3,2,2
53,-37.04700768955453,0,29.961782131895262,0,1,1,4
31,32.49350323234687,0,32.75897087980202,0,2,2,1
61,-28.18917477984049,0,-13.554792644247314,0,3,1,5
28,38.680780727281146,1,-19.90828744971502,1,1,3,2
46,17.80064976257171,0,33.90400782143806,0,1,1,5
45,-17.61779731488007,0,-22.302166326984384,0,3,2,4
42,23.307432284274057,1,54.11722389445879,0,3,3,5
24,-8.377290087318364,1,71.24496104639859,0,3,2,3
100,-30.9391571072819,0,-39.770745355103585,1,3,1,1
59,-25.616900918654306,0,3.402656233309685,1,2,3,4
72,14.258633086065359,0,83.31661487901007,0,1,2,5
37,-47.197523802184506,1,34.811333646467546,1,3,1,5
2,-20.901523918407392,0,-12.322606608361525,1,1,3,2
43,-23.758149217170107,1,3.624550010943558,0,2,1,2
31,-12.078725482749988,0,11.102172901385721,0,1,3,4
3,-47.051895179494835,0,-39.858096751338394,1,1,1,4
86,28.162429831833222,1,-38.98271085568065,0,1,3,3
91,-27.278527511766253,0,82.05673772982087,1,2,1,5
80,-45.05180900019833,1,99.42523518079221,1,2,2,3
65,20.682090715659754,1,72.76783766479451,0,2,2,2
6,20.583368126248104,1,41.405005751650236,0,3,3,4
21,-5.782014437627012,0,-37.27113862324654,1,2,1,5
74,-17.41586827434599,0,66.40691482653762,1,3,2,1
37,-26.345107823153015,1,-10.29840149115352,0,2,1,1
25,-16.226616973220317,1,26.45940849325926,0,3,1,1
16,-10.649233356147654,0,77.27337944439698,0,3,2,5
23,-25.045047404944675,0,27.009648323592415,0,3,2,3
57,20.31761937987642,1,72.4692292826081,0,2,1,1
31,-49.06175494567165,0,67.10838158827268,0,2,3,1
32,27.897681307320966,0,84.2959499369035,0,2,1,2
17,-44.307811292669015,0,21.981201419799646,0,3,1,1
52,36.77227463434393,1,-17.420345124846158,0,3,3,3
18,6.4833166309408625,1,70.20912916029438,0,3,1,4
13,-33.61526049726365,1,90.07611065196508,0,2,1,1
85,-32.587274591800366,1,7.9207861459014595,1,1,3,5
69,-20.8449296584304,1,32.1428336121931,0,1,3,1
62,-39.9608642680525,0,42.76723877422984,0,3,2,1
33,-34.2413726448821,1,7.852918293993113,0,3,2,3
87,-19.45759561056045,0,8.509551609247922,0,2,1,4
88,6.089409711616689,0,86.12231865176545,0,3,3,2
89,-4.355482616390304,1,50.59963636950948,1,2,2,3
60,18.599817886886086,1,70.53275939353647,1,1,1,5
53,-12.393493180812591,1,-1.4993679241763331,1,2,1,5
69,11.301753948208564,1,88.37696225272558,0,1,3,3
25,-35.17482437383117,0,44.548811735823946,0,3,2,1
73,29.77111508194767,1,77.87244309227252,1,3,1,4
53,15.286949314657477,0,4.595302589839768,0,2,2,3
43,17.73775482701508,1,-26.596331645066044,1,3,3,4
8,-18.10165576409765,0,42.659330718863956,1,2,3,5
81,12.994277440762872,1,1.3948642159749483,0,3,3,5
41,31.996780285346034,1,51.51259532478272,1,3,1,3
39,2.466716193499934,0,-10.306482236029204,1,1,2,2
14,5.311422409164123,0,69.61532005628926,1,3,1,3
100,24.591371134823376,1,-0.49672998666774504,0,1,2,3
37,36.36330113976288,1,51.290271625306005,1,2,2,4
44,15.688354813260673,0,24.998234654359578,1,1,2,5
63,-31.79608947093355,0,58.7989386858864,1,2,2,5
30,21.6674010855875,1,4.720188580458782,1,2,2,4
88,14.504701154572288,1,34.28522865685582,1,3,3,4
42,19.511157193383,1,32.36860346567411,0,1,2,4
72,-3.559498444990382,0,73.4080313410611,1,1,1,2
