born,start_work,dept,degree,prof,mach_cat,meth_cat,time
1992,2020,2,4,0.5909753357786511,3,3,4
1960,1990,1,1,0.8615434369803976,1,1,1
1987,2014,4,1,0.9927494904048444,1,1,4
2002,2020,2,1,0.9130487122621339,2,1,5
1987,2020,5,2,0.7416582107184819,2,2,1
1965,1991,1,1,0.23988183496199667,2,3,4
1966,2005,5,1,0.6243557415362896,3,3,3
1976,1998,2,3,0.8855826247437123,2,1,3
1989,2020,2,2,0.4433170056185798,2,1,2
1995,2014,3,1,0.18907108217281687,1,3,4
1987,2017,3,1,0.7998584582698476,2,3,5
1961,2001,1,1,0.4368414082345735,2,1,5
1967,2005,1,4,0.6356119481749067,2,3,3
1997,2020,4,3,0.9914446454232158,1,2,5
1992,2015,1,1,0.39449863341178537,1,2,3
1967,2001,5,1,0.1332968472735211,3,1,2
1967,2003,4,1,0.2576185533664409,2,3,5
1995,2020,5,3,0.7932361366526007,1,2,5
1999,2020,2,3,0.46410185767299017,2,1,1
1979,2009,5,1,0.9178019759686366,1,2,1
1972,2009,4,3,0.6446429939277234,3,1,2
1975,2014,5,4,0.6300769368514126,2,3,4
1966,1991,4,4,0.747556451555599,1,3,3
1994,2020,3,1,0.3198370740000237,3,3,1
2001,2020,1,2,0.4320836409826565,2,3,2
1971,2006,3,1,0.6949177443409499,3,2,5
1960,1998,5,3,0.810708326391076,3,1,5
1968,1996,3,1,0.4363526632434436,2,3,4
1969,1995,1,2,0.09115380509497895,2,1,1
2000,2020,5,2,0.4556337278162029,3,2,1
1986,2005,1,4,0.1232203324901382,3,3,4
1973,2002,3,3,0.8696738919921483,2,3,1
1998,2020,2,1,0.7366204781368589,3,1,3
1998,2020,5,2,0.667269858531092,1,2,5
1991,2020,4,4,0.02861095421840265,2,3,4
1993,2014,5,4,0.5992733168079504,1,1,1
1970,2000,4,1,0.05376857446789718,3,3,1
1995,2020,5,4,0.1401345022677959,1,2,2
1993,2020,5,2,0.22737940075802943,2,3,5
1970,2000,2,4,0.6247503829029096,1,1,2
1985,2012,2,4,0.026945471961558054,3,3,1
1961,1989,5,2,0.6181463513400514,1,3,5
1995,2020,5,2,0.5369473952570057,2,2,1
1973,2008,4,4,0.5991648206955934,1,2,1
1992,2018,4,1,0.9994292779108671,1,3,3
2000,2020,2,4,0.11046859159343381,2,1,3
1963,1995,4,3,0.9548748808050198,3,2,3
1969,2001,3,3,0.7648919731024418,3,3,1
1999,2020,4,4,0.6021091746487464,3,2,1
1978,2000,5,2,0.41903641721555795,2,2,3
1968,1988,5,3,0.2977205616798875,2,3,2
1970,1989,5,1,0.17352208833162697,3,3,4
1972,1997,2,3,0.03597375464794217,1,3,1
1960,1999,4,1,0.007438623786872656,3,2,1
1992,2020,4,2,0.6192664490242273,1,2,1
1963,1995,5,4,0.6465773970371914,1,2,1
2002,2020,5,2,0.9552072853187822,3,3,2
1978,2005,3,1,0.7745612402146012,2,1,3
1991,2011,4,2,0.3246352905951333,1,1,2
1973,1999,3,4,0.20066973798406984,1,2,5
1979,2007,3,4,0.5609044850229569,2,3,4
1970,1993,2,3,0.9942342912201674,1,1,5
1969,2008,5,4,0.3166700520536684,1,1,1
1994,2020,4,3,0.5347770487248001,3,3,3
1967,2001,2,3,0.02729215091268633,2,1,3
1995,2015,2,3,0.9032161386024029,3,1,4
1999,2020,5,3,0.06159013519438006,2,1,4
1983,2009,3,3,0.34764158688694946,1,1,4
1967,1993,1,4,0.4075904070820201,3,2,3
1967,2000,3,3,0.7795656895335502,3,1,3
1996,2020,1,2,0.5846301553178149,2,3,1
1993,2020,5,1,0.8156648197727623,3,1,4
1987,2015,4,3,0.5750745044869771,3,1,3
1987,2020,3,1,0.07171615355318217,2,2,2
1996,2020,3,4,0.2298293842844692,3,2,1
1973,2005,3,4,0.015549695435865152,2,1,4
2002,2020,2,2,0.6301559575676936,3,1,4
1974,1996,2,2,0.683403273994847,2,3,4
1967,1989,1,1,0.17402383615546024,1,2,5
1980,2019,1,2,0.5587408984430587,1,1,5
1985,2020,2,1,0.28754325637461764,2,1,2
2000,2020,5,3,0.7831342484045739,1,2,1
2002,2020,1,1,0.8033587261023861,2,2,3
1975,2010,4,2,0.6582102486715011,1,2,3
1964,1982,1,1,0.8354867894258992,3,3,3
1983,2001,2,4,0.9707985572143294,1,1,1
1995,2020,3,4,0.8747971222282142,3,3,3
1979,1997,3,2,0.8734484758338577,2,1,1
1986,2020,5,1,0.858825718445945,1,1,5
1965,1991,2,4,0.5310710446746174,2,2,5
1986,2016,4,1,0.7275855643953335,3,1,4
1996,2020,5,2,0.7034230969796939,2,1,3
1979,2009,5,4,0.5999800624960298,2,2,1
1973,1994,4,1,0.6505974685015955,2,3,1
1971,2008,2,2,0.8942402305534713,3,2,1
1980,2015,1,4,0.16521173930355415,3,3,1
1968,1994,5,4,0.0989066740767306,3,2,2
1972,1996,1,4,0.33671492968852723,1,3,3
1996,2016,2,1,0.814801627461161,2,1,1
1975,2015,1,1,0.18723068881197924,3,1,3
1996,2016,2,2,0.6316046026062337,2,2,2
1960,1990,3,3,0.19163826969684616,3,2,2
1987,2012,5,3,0.973745811300309,2,3,5
1985,2020,1,2,0.6686215342821996,2,3,1
1984,2014,4,3,0.07309125626146828,2,2,2
1992,2020,2,3,0.49509194096172937,3,3,4
1974,2008,3,1,0.8887388428855773,2,2,2
1964,1983,5,3,0.9931964391289128,3,2,1
1997,2020,4,3,0.23665833934707314,3,1,5
1967,2001,1,4,0.40424527453755477,1,1,2
1966,2001,1,1,0.49567203775084223,1,3,5
1967,1986,2,2,0.3388603025352145,2,2,3
1967,1986,3,1,0.7789763521379081,3,1,4
1970,1996,4,4,0.36843904364274693,2,1,4
1969,2000,4,1,0.5857917318467571,3,2,3
1997,2020,1,2,0.7598155576565576,3,2,1
1961,1986,2,1,0.7793370489701862,2,1,1
1971,2002,4,2,0.8258074992074549,1,1,1
1968,1996,1,4,0.07332739567182789,2,1,3
1979,2004,5,4,0.21658846644250707,3,3,1
1981,2016,3,2,0.6397575248041603,1,2,4
1969,2006,1,1,0.8863530623859327,2,1,2
1989,2020,3,2,0.5053262144564613,1,2,5
1975,2003,5,1,0.6924240318141649,2,1,5
1979,2000,2,2,0.054144308481505865,2,2,2
1969,1989,5,3,0.4699141604932111,3,1,4
1999,2017,3,4,0.1397984934368841,3,3,4
1987,2014,5,1,0.6796908165649551,1,1,1
1984,2015,5,4,0.3021227841489911,2,1,3
1974,1996,4,3,0.3141571337013508,2,2,2
2000,2020,3,4,0.6460949219049555,1,1,4
1970,2008,3,1,0.6731117817355741,2,2,2
1983,2015,3,3,0.14549444742971818,3,3,5
1984,2020,2,4,0.6998295200177042,1,3,4
1975,1993,2,4,0.5022944244229579,2,3,4
1991,2018,5,1,0.5455848133903342,3,3,3
1969,1989,4,2,0.18118698196315186,2,2,3
1974,2002,4,4,0.3018922784217002,1,1,2
1999,2020,1,3,0.221799373449992,2,1,5
1994,2020,3,4,0.5786505110738772,2,2,5
1970,1999,5,1,0.7855147589412055,3,2,3
1995,2020,1,2,0.2750527576243995,3,3,4
1971,1998,5,2,0.27978231167581036,3,1,4
1960,1983,1,4,0.8934210398444767,2,3,5
1990,2019,3,4,0.9443003493383468,3,3,1
1964,1995,5,3,0.6277147861029753,3,1,5
1999,2020,3,2,0.2867031232212006,2,3,2
1975,1995,2,4,0.3136067238717881,3,1,4
1963,1981,2,4,0.6921004307330733,1,3,2
1975,2012,4,3,0.296479743211564,2,1,2
1961,1983,5,3,0.9952228918638794,1,3,3
1962,1992,3,4,0.35277681242937375,3,2,5
1971,2007,4,1,0.5075799474011131,2,2,4
1978,2014,4,3,0.024416947930437805,1,2,1
1973,2013,3,1,0.1785893722369324,3,2,3
1962,1992,1,4,0.5672744013118213,3,2,2
1971,2001,2,1,0.36016815037975924,3,3,1
1997,2020,5,1,0.6675534311999156,2,3,2
1991,2020,4,2,0.7824795628868677,1,2,5
1973,1993,2,2,0.31346341669067534,3,3,3
1996,2020,2,1,0.5978621391992458,2,1,4
1985,2020,4,4,0.3367408812776269,2,2,1
1972,1995,4,1,0.5359789076363396,2,1,3
1967,2004,5,3,0.865686150909943,1,3,5
1964,1986,3,3,0.8671177506389589,3,1,2
1990,2020,3,2,0.3418991384028861,3,1,4
1968,1994,1,1,0.887935341602644,1,1,5
1962,1985,2,2,0.7935301806525463,2,3,3
1999,2020,1,1,0.5975957743134612,2,2,2
1974,1995,1,2,0.6550361351201509,2,3,2
1982,2005,4,4,0.19374063573318878,2,2,1
1983,2004,5,1,0.7671688983106827,2,1,3
1960,1979,1,2,0.7562540316850809,1,2,1
1992,2019,5,1,0.20705230777480366,3,2,2
1974,2006,2,3,0.08598448968730332,1,2,1
1965,2002,3,2,0.768722959714925,3,3,2
1984,2019,4,3,0.8508989504391928,1,2,4
1999,2020,5,3,0.5001952072370538,2,2,3
1993,2020,2,4,0.07393087281947308,2,1,2
1989,2008,2,4,0.5138800449181123,3,2,1
1997,2015,2,1,0.18164810600987147,3,1,3
1998,2020,5,4,0.8849858444310966,1,1,2
1966,1993,1,3,0.2688002384108168,1,3,2
1960,1982,1,2,0.22459647329369492,2,1,1
1976,1994,1,4,0.23574459062906838,1,3,1
1997,2020,3,4,0.8356652907064079,3,1,4
1970,2002,3,1,0.34755149701143784,3,1,1
1965,1987,2,1,0.970190763615128,2,3,5
1993,2020,3,4,0.6571993483148969,3,2,2
1970,2003,4,2,0.788487939218169,3,1,4
1989,2020,3,1,0.36453227095903473,1,2,2
1963,1984,5,2,0.3022775376368163,3,2,1
1981,2020,2,1,0.040348210107147064,1,1,1
1985,2004,1,1,0.1970806247659601,2,2,4
1978,2016,3,3,0.44812464125658835,1,2,3
1973,1994,3,3,0.782553180443755,2,1,4
1973,2012,1,3,0.7770806464453686,1,3,4
2000,2020,4,1,0.5852555769164178,1,1,2
1996,2017,3,1,0.4971729908746124,1,2,5
1976,2003,4,4,0.8642735064127609,2,1,1
1980,2016,1,1,0.6113088586578954,1,1,3
1996,2020,4,4,0.42642764664072563,2,3,2
1984,2020,2,3,0.3310797174314005,1,2,4
1964,2004,3,2,0.8013756751685186,3,1,4
2001,2020,5,1,0.13699684106578447,1,2,4
1990,2010,2,3,0.38900952811572853,3,2,2
1992,2019,1,2,0.8737775802214506,2,1,5
2001,2020,1,3,0.48230570007666007,2,2,3
1963,1987,5,4,0.36231763863923006,2,3,2
1997,2020,2,3,0.6661824165519913,2,3,5
2001,2020,3,1,0.6321124975379685,3,2,4
1970,1997,1,4,0.43429450404452785,3,1,4
1970,1998,1,3,0.0058430090456457195,2,2,4
1966,2001,1,2,0.2308121271974899,3,2,5
1994,2020,1,3,0.6081754418997815,2,3,4
1986,2020,2,4,0.711874917727838,1,2,2
1990,2013,1,2,0.6179146551077019,3,2,4
1960,1982,5,1,0.530895335896886,3,2,3
1989,2015,4,4,0.7880546840430759,1,3,1
1997,2015,1,4,0.5995161009057658,1,3,5
2002,2020,3,4,0.2785764256195069,3,1,4
1996,2020,2,1,0.38058111501099146,1,1,1
2000,2020,3,1,0.24043589627747552,3,2,1
2000,2020,5,4,0.2268847496949845,1,3,1
1984,2014,1,4,0.2637332577185736,3,2,2
1961,1990,4,4,0.47019431626739616,1,2,2
1972,2005,4,1,0.6770344719326298,3,3,1
1968,1995,5,2,0.007760504107333643,1,2,5
1994,2020,2,2,0.2568800349683681,3,2,2
1983,2002,5,1,0.4336357956456032,1,2,3
1993,2020,4,4,0.9430462551556998,3,3,5
1987,2014,2,1,0.9332613371314699,1,1,3
1981,2000,5,1,0.37452637556006485,2,1,4
1991,2013,4,3,0.6394396677568954,3,3,1
1982,2004,4,3,0.332987673301847,2,2,2
1964,2003,5,2,0.9602588521272493,3,3,2
1967,1990,3,2,0.8304786582560677,2,2,5
1964,1985,2,3,0.7567035607536932,1,2,3
1997,2017,4,4,0.5836159282614107,2,1,2
1990,2020,4,1,0.6290159305598567,3,2,3
1969,2008,4,4,0.7292524122260626,2,1,4
1970,1990,4,1,0.5854319057856024,1,2,2
1973,2012,1,3,0.6795779810580037,1,3,3
1974,2011,1,2,0.5483868082374743,1,3,3
1972,1998,3,1,0.20964068611151532,3,2,2
1986,2016,4,1,0.631908321503843,2,3,1
1962,1996,4,4,0.09182250623793309,3,1,5
1965,2003,2,2,0.8491488506608045,2,1,2
1995,2020,1,3,0.6382731888167551,3,1,4
1998,2020,1,3,0.8406569893344098,2,3,4
1963,1984,5,4,0.39268904937953053,2,2,5
1969,2006,4,4,0.8727813963411454,1,2,2
2001,2020,1,3,0.3058205689861888,1,1,3
1997,2020,1,1,0.6863953755930792,3,1,1
2000,2020,5,1,0.5205912845184218,3,1,3
1972,2004,1,3,0.33606563864281136,1,2,5
1993,2020,3,3,0.656173799042638,2,3,3
1978,2010,3,4,0.4694746763620784,2,2,2
1968,1987,4,3,0.9359098908472617,1,2,3
1995,2020,3,1,0.8689023671958906,3,1,1
1989,2020,5,4,0.5547328646863529,2,2,4
1975,1997,4,2,0.23291792883742035,2,2,3
1975,2002,2,1,0.26810820477507,2,1,5
1997,2020,4,1,0.2576785736322955,1,2,1
1963,2003,2,4,0.2862264616721907,2,1,4
1995,2020,2,4,0.230316919746274,3,3,1
1970,2010,2,3,0.967931193281101,1,2,1
2001,2020,5,2,0.7188042624756831,1,2,2
1983,2010,2,3,0.1384737047400647,2,3,2
1985,2008,5,4,0.7673895181034238,2,1,2
1995,2016,4,4,0.16310659967493368,2,1,3
1999,2020,4,3,0.7483398311682112,3,2,5
1973,1998,2,3,0.15489159422562038,3,3,2
1988,2020,2,2,0.19391190643025846,1,1,4
1976,2004,2,4,0.22458851193221152,2,2,3
1999,2019,1,4,0.9195366797730143,1,3,1
1974,2008,3,1,0.905579387087877,3,2,4
1999,2020,2,4,0.8027177383948477,2,2,4
1970,1991,1,2,0.3750315943713529,3,1,2
1967,1990,5,1,0.37196254265159856,2,1,3
1990,2020,4,3,0.19607282100710133,2,1,5
1996,2016,4,3,0.2697249917249154,2,1,1
1971,2011,5,1,0.0944517917667691,2,3,2
1992,2020,3,4,0.48649801689357575,3,3,3
1965,1997,2,4,0.3362726335038151,3,2,3
1973,1998,2,1,0.30944093511129944,2,3,5
1974,1995,4,2,0.33377866123447264,2,1,1
1990,2010,1,3,0.7981105531813829,1,2,1
1976,2007,1,2,0.14913157925340637,1,1,5
1967,1991,3,1,0.7412270368478501,3,1,5
1961,1990,1,3,0.5332867836943131,2,3,4
1981,2002,1,2,0.8325521574918265,1,3,3
1993,2020,3,3,0.2444261401397375,2,2,1
1984,2008,1,2,0.15043612085951497,3,2,2
1975,2002,1,4,0.12159051806224574,1,1,5
1967,1997,3,2,0.10381841403382419,1,3,2
1989,2020,5,1,0.37668384408723965,2,3,3
1988,2020,4,4,0.5146035315668169,1,2,1
1994,2020,2,4,0.3741839557098634,3,2,4
1982,2012,2,3,0.0372176003617577,1,1,1
1991,2020,5,3,0.5658234293101521,1,3,1
1966,1985,3,3,0.1390885457971167,3,3,5
1978,2012,4,1,0.5210465762479062,3,1,2
1960,1978,3,2,0.6367998332921689,1,3,3
1992,2020,1,1,0.9087083534323913,3,3,3
1965,1984,3,4,0.6284261040567067,1,1,2
1966,2002,3,4,0.6952162331423635,3,1,3
1973,2011,5,2,0.15259627761311556,3,2,4
1993,2013,1,4,0.30824718619005176,3,2,4
1961,1985,1,1,0.8874653331798624,2,1,4
1961,2000,4,1,0.21316340672419376,2,1,5
1986,2020,5,1,0.6872185486406693,1,2,1
1978,1996,1,2,0.015065253475352813,2,3,3
1972,1999,4,2,0.2151580482255251,3,2,4
1994,2015,3,1,0.42093897213837517,3,3,1
2001,2020,2,4,0.7748113268690887,3,3,2
1981,2014,1,1,0.869085068906244,2,2,4
1967,2005,3,1,0.15447403298286055,1,3,1
1974,1992,5,1,0.10348799213932791,3,2,3
1997,2020,4,4,0.06501076863865818,3,2,4
1986,2019,1,4,0.30652061576224787,3,3,5
1961,1990,4,2,0.39746760375722245,1,1,1
1989,2014,4,4,0.17552676378863163,3,2,2
1970,1994,5,4,0.31077329321229874,1,2,2
1960,1996,3,3,0.7573625321950765,1,2,2
1996,2018,5,4,0.7313747613602861,3,3,3
1989,2008,1,1,0.734682032437258,1,2,3
1994,2020,5,1,0.4546749148598822,1,1,3
2000,2020,1,2,0.4548875932228609,2,3,2
1984,2020,4,2,0.510829277343505,1,3,4
2002,2020,4,2,0.6218723190205628,2,2,1
1990,2020,4,2,0.2704791355384847,1,3,5
1985,2020,5,4,0.5254758228187109,3,1,1
1970,1992,2,3,0.21164845176709923,2,1,5
1999,2020,5,4,0.09758817242505269,2,2,3
1988,2014,4,4,0.6805022551576676,3,2,4
1998,2020,3,4,0.47842299269999555,1,2,3
2000,2020,5,1,0.4140188174183178,2,2,4
1966,1998,2,1,0.4379367531276336,1,2,5
1960,1990,5,3,0.40017154644422026,2,1,5
1964,1996,2,3,0.16212197337137313,3,2,3
1967,1995,4,4,0.5819750626074014,1,1,5
2000,2020,1,2,0.008068581808381547,2,1,5
1980,2018,1,4,0.9768478578934737,3,3,3
1989,2015,5,1,0.21385806359604576,3,1,5
1995,2015,2,2,0.6853430640088621,1,3,4
1986,2007,5,3,0.8339928976087181,1,2,3
1961,1981,3,2,0.9648141406748897,1,2,1
1999,2020,2,3,0.7960772428289966,3,2,1
1989,2020,3,2,0.46521576828007494,2,3,1
1981,2003,4,2,0.7554919728162482,2,3,1
1972,1994,3,1,0.33832562777735853,1,2,5
1998,2020,2,1,0.3080433897392809,2,3,2
1975,1999,2,4,0.542277451765613,3,2,1
1979,2019,2,2,0.16719856349609574,3,3,4
2001,2020,2,2,0.348761369187524,1,3,5
1978,2000,2,2,0.3035188975826272,1,2,3
1963,1984,3,3,0.7365794779800434,1,1,2
1984,2010,2,4,0.30710119849517004,3,3,2
1997,2019,1,1,0.8614308264204713,3,2,5
1965,1984,1,1,0.989781528981187,1,2,4
1991,2013,4,1,0.15986394702439366,1,1,2
1995,2020,1,2,0.8034218559647,2,1,5
1990,2014,3,4,0.3018664045009787,3,2,4
2000,2020,4,2,0.7334981911703248,1,1,3
1960,1979,1,2,0.7051612598612728,2,3,1
1978,1999,4,1,0.9035648588067123,3,2,2
1960,1998,1,1,0.10480759546477536,2,3,1
1992,2020,2,3,0.41623055143937426,2,2,5
1972,2001,4,3,0.7588998809693094,2,1,5
1965,1989,5,3,0.06278672542400443,1,1,4
1967,2007,2,4,0.16383752185713019,3,2,3
1986,2020,4,2,0.8540650942603346,1,3,1
2001,2020,1,2,0.04943242877698206,3,3,5
1972,2010,3,2,0.7283949585411437,1,1,4
1965,1994,5,3,0.37950970654735894,3,2,5
1995,2020,4,4,0.7671936582637773,3,3,2
1985,2016,5,2,0.7803951600974514,3,3,1
1976,2007,1,4,0.824690771999367,3,1,4
1963,2001,1,2,0.17255422431645118,3,2,4
1997,2017,1,4,0.35086264704844583,1,1,1
1992,2020,3,2,0.3255234037339585,1,1,4
1975,2006,3,2,0.4314966197896517,1,3,2
1973,2006,3,3,0.9286086608758302,1,2,4
1974,1999,3,4,0.9295189697189997,2,1,5
1962,1982,1,4,0.599999268342542,3,2,2
1981,2018,4,3,0.3149676336267391,2,2,3
2001,2020,1,2,0.2818182777123629,2,3,3
1993,2012,5,4,0.9244124137138369,3,3,1
1964,2002,3,1,0.5950079628073953,2,3,4
1977,2017,1,4,0.795214868072948,3,2,4
1970,2004,3,3,0.16215856724048516,1,2,4
1971,1991,4,2,0.4097288198638156,3,3,1
1960,1986,3,3,0.967431670502733,2,3,1
1979,2004,5,4,0.5543252002138236,2,1,1
2002,2020,4,1,0.09915169277729718,1,2,5
1967,1991,3,3,0.21666787171971624,1,3,4
1979,1998,2,3,0.627456667789018,2,1,4
1985,2007,5,1,0.523831734715409,1,3,1
1989,2007,1,2,0.5971062188039309,1,2,1
1992,2020,2,2,0.11722192018794397,3,2,2
1990,2014,2,2,0.06454800104964387,3,3,2
2001,2020,4,4,0.879818968967249,3,1,1
1965,1990,2,2,0.7652532566947956,1,3,4
1999,2020,2,3,0.5005949477456733,3,1,5
1991,2020,2,1,0.33306219320784314,3,1,2
1962,1986,1,1,0.8781176805376638,2,3,1
1981,2012,4,1,0.414360366587348,1,3,3
1990,2020,1,1,0.7679114210290748,3,3,1
1974,2011,4,2,0.8945706649818554,3,3,4
1974,1996,2,3,0.8828768721151617,2,1,1
1997,2020,2,4,0.10513293363683107,1,3,5
1991,2020,1,2,0.7274772748559946,3,1,1
1972,2012,4,2,0.49017440799935774,1,1,4
1967,1993,5,3,0.9036934129670178,1,1,3
1996,2020,4,2,0.47658874925138384,1,1,5
1962,1998,2,3,0.3631404745581308,1,1,1
1992,2020,1,2,0.6951687644797718,3,2,3
1964,1996,5,4,0.23773659443324247,2,2,1
1975,2007,2,1,0.627904085516671,2,1,3
1972,2008,2,3,0.2213221523182647,3,1,4
1970,2008,1,3,0.9639652453936396,2,2,1
1998,2020,1,1,0.2601713405438636,1,1,3
1968,1999,2,1,0.46876025569051394,1,3,2
1990,2020,5,4,0.290216632456303,1,2,3
2000,2020,2,3,0.8533533451809562,3,1,2
1985,2015,1,1,0.4931778454485213,1,3,2
1981,2016,4,4,0.4917431916631607,1,3,5
1984,2003,4,1,0.43473990101937665,2,2,5
1996,2020,3,2,0.8105319543518397,3,2,5
1998,2020,3,2,0.770503031672244,1,1,1
1981,2019,5,2,0.987097460849271,1,2,3
1992,2018,5,1,0.8908556155079769,2,3,2
2002,2020,3,4,0.5121348631899101,2,1,4
2000,2020,3,3,0.0655148917990861,2,2,1
1996,2020,1,3,0.44096692884750976,2,1,4
1966,2002,1,3,0.8599187685142099,3,3,4
1976,2006,4,2,0.07156630439553391,3,3,1
1978,2008,4,4,0.24537138764349098,3,3,3
1978,2006,4,4,0.780352917275305,1,3,1
1985,2020,3,4,0.14332126859435346,3,3,1
1992,2020,3,1,0.9490184228139786,3,1,3
1988,2008,4,3,0.6006227644925286,1,3,3
1973,1993,1,4,0.8637429913667786,1,2,3
1997,2020,2,2,0.2213472066170401,1,1,3
1997,2017,5,1,0.450169547228207,1,3,1
1966,2005,3,1,0.9865264374968532,1,3,5
1976,1994,5,1,0.28566288689017816,1,1,5
1961,1983,3,3,0.13068259790517978,3,3,5
1997,2015,1,3,0.691361817518255,1,2,5
1990,2020,1,4,0.31381963559019077,2,3,5
1968,2007,3,4,0.7836818056239202,1,1,3
1996,2020,3,3,0.6654027664466743,2,2,2
1964,1983,3,3,0.29286311132721243,1,2,2
2001,2020,2,4,0.6890846565816129,2,1,2
1969,1998,5,4,0.7561805682790643,1,2,2
1969,1997,5,2,0.9445491607645541,1,2,5
1975,1994,2,4,0.18693561793112734,1,3,2
1997,2020,5,2,0.4772184425316194,3,2,2
1966,1986,2,3,0.46444635184333405,2,1,4
1965,1995,1,1,0.3505643360924743,3,3,4
1999,2020,4,1,0.2797458725233082,2,2,3
1996,2020,4,3,0.6294457427008394,3,2,1
1968,1986,1,1,0.07109573136309377,1,3,1
1989,2020,1,2,0.8743461887794175,3,3,5
2001,2020,1,4,0.46031603010517186,3,2,4
1969,2005,3,1,0.00026752602508406387,2,1,5
1966,1997,5,3,0.3824240240536636,3,1,3
1989,2020,2,2,0.609056629777473,2,3,4
1996,2020,1,3,0.8769427640597909,2,2,4
1993,2012,3,1,0.9811906960471416,3,2,1
1963,1988,4,2,0.19661204974131086,1,2,5
1980,2010,5,2,0.8423131008015944,1,1,3
1972,1996,2,2,0.031950517381894916,1,2,3
1963,1992,3,1,0.24413810043822637,3,2,2
1995,2020,1,3,0.46102114065939004,1,3,2
1991,2020,3,4,0.025076995783516853,3,1,5
1968,1993,2,2,0.38750361936218514,2,2,4
1992,2016,4,1,0.8148618437653251,1,1,2
1980,2013,2,1,0.675856772043354,2,2,4
1965,1988,3,1,0.03501960288123762,3,2,3
1964,1994,5,3,0.8834712647730252,3,3,2
1989,2020,5,4,0.29456969829885105,1,3,4
1971,2010,2,2,0.02354394269692095,1,3,4
1983,2008,2,4,0.35350252814474037,3,3,1
1996,2019,3,2,0.21304684440894617,1,3,3
1985,2006,1,1,0.4059267754453185,1,2,2
1987,2020,5,1,0.1320428277655179,1,1,1
1971,1997,1,3,0.36335349347923396,3,1,5
1979,1999,5,4,0.9181142059206306,2,2,1
1979,1997,1,1,0.18309749819024002,1,3,5
1973,1998,1,3,0.7875173937145518,3,1,4
2000,2020,3,4,0.048720206780250686,3,2,4
1992,2020,3,2,0.4128682110316617,2,2,5
2002,2020,1,2,0.024547009365797234,3,2,2
1986,2012,1,1,0.9341800683336666,1,2,3
1962,1990,4,1,0.9978366056385981,2,1,3
1973,1997,5,1,0.11798930758883519,3,3,2
2001,2020,1,1,0.47022429769954477,1,1,4
1990,2020,3,4,0.1429999203879504,2,3,2
1985,2020,2,4,0.9714550702300376,3,2,1
1961,1985,3,2,0.9908844695621418,1,1,5
1989,2020,3,2,0.09203054354342344,1,1,2
1973,1993,5,4,0.16359051714882344,2,1,3
1976,2012,2,2,0.9151532066868826,2,3,2
1960,1998,4,2,0.993072300528483,3,3,2
1983,2006,4,4,0.8779850538311855,2,3,1
1970,1998,5,4,0.5405071552287107,2,3,4
1995,2020,3,3,0.36304778185357056,1,3,1
1995,2013,3,1,0.1429795397089706,1,1,4
1992,2020,5,4,0.41742084307980054,3,3,3
1983,2019,1,2,0.7810581855640175,2,2,5
2000,2020,3,2,0.4528711641087796,2,2,5
1964,1995,5,3,0.47539985152190667,3,3,1
1990,2020,1,4,0.15197846226543232,3,3,3
1965,2002,5,4,0.7520440598163567,2,2,4
1989,2012,3,4,0.901828013155701,1,3,5
1971,2008,5,3,0.9859809399316576,3,3,1
1995,2019,5,2,0.5686213272543459,3,2,1
1966,1986,3,4,0.5399665516992103,2,3,3
1981,2016,1,4,0.0864464327460307,2,3,1
1994,2020,2,2,0.8840498125445596,3,3,4
1969,1994,1,3,0.9559235471206351,3,3,1
1994,2019,5,1,0.824807179766129,1,2,5
1994,2020,1,3,0.9175288694699948,2,2,2
1996,2017,5,3,0.4411733455918354,3,2,4
1976,2015,1,4,0.5266337258821873,2,1,4
1961,2001,5,2,0.6886522074823542,3,3,5
1960,1985,1,2,0.14537801035680942,3,2,3
1968,2004,1,3,0.18583378069039513,1,2,3
1996,2020,1,4,0.9983112109229121,2,3,4
1972,1994,3,1,0.12326385283967667,1,2,1
1998,2020,5,1,0.7761218310861309,3,2,5
1976,2000,2,1,0.1282496034867291,1,2,5
1983,2001,1,3,0.21021066642085962,3,3,4
1960,1999,1,3,0.03788859772861075,1,1,1
1976,2001,3,2,0.1849988245787204,1,3,3
1989,2020,3,1,0.48123716133833394,2,2,2
1962,1989,1,1,0.39877338674959995,3,2,5
1980,2010,1,2,0.9949964182867201,1,1,4
1963,1985,1,1,0.3176556151414004,1,1,5
2001,2020,1,1,0.2556530176898828,1,3,2
1962,1991,2,4,0.3820473812497922,2,2,1
1991,2013,5,4,0.16879812346134027,2,1,3
1997,2020,4,1,0.20582496372069048,2,3,2
1981,2008,3,1,0.35767011091674594,3,2,2
1975,2013,2,1,0.25974150330398527,2,3,3
1976,1998,4,2,0.5358232994031384,2,2,2
1962,1980,1,1,0.9704884263243143,1,3,3
2001,2020,3,2,0.7999088074759644,3,1,2
1962,1994,2,2,0.6766944711499111,1,2,3
1981,2001,3,2,0.006765805467332742,2,1,4
1965,1994,5,2,0.6900951500636684,3,1,4
1988,2020,1,3,0.9719416777549273,2,1,4
1961,1983,1,3,0.4513146874731413,1,2,2
1997,2020,3,3,0.38356166369350875,3,1,3
1990,2020,5,4,0.018707453340521152,1,1,4
2002,2020,5,2,0.8863196167730418,1,1,1
1998,2016,1,1,0.825149980621853,2,1,4
1994,2020,4,3,0.2795539304990693,2,3,2
1997,2020,3,4,0.6087448280439333,1,3,1
2002,2020,4,1,0.9247679132748895,2,3,5
1975,1995,3,2,0.4255554192650278,2,1,4
1984,2004,5,3,0.24247948236681938,2,3,1
1975,2009,4,3,0.5179773324651268,1,3,4
1997,2020,2,3,0.7463001333710569,2,1,3
1997,2020,3,2,0.546344946776595,2,3,2
1992,2020,3,3,0.19225230587020814,2,1,1
1995,2020,2,4,0.3951871834032875,1,3,3
1999,2020,5,3,0.5863188331966667,1,3,2
1993,2016,2,2,0.5829043007668665,3,3,4
1961,1999,4,3,0.669310284877887,2,3,5
1969,2006,5,3,0.9775557892468776,2,1,2
1988,2009,3,4,0.5037451217168352,1,1,4
1999,2020,5,4,0.08566156278966963,3,1,1
1981,2010,3,3,0.34721355357293726,1,1,3
1991,2020,4,4,0.11095418694773329,2,1,5
1963,1999,3,3,0.42700288430668565,3,1,4
1985,2010,4,1,0.5697406331220775,3,1,5
1986,2016,1,1,0.8996514803815644,2,3,5
1988,2015,2,4,0.11350079631739007,3,3,3
1993,2020,1,4,0.07108992270984094,3,2,2
1972,2003,2,2,0.6439912849564883,1,2,3
1995,2020,2,1,0.9928933737836337,1,2,3
1976,2005,1,4,0.052871596649365915,2,2,5
1965,1984,1,1,0.7265897924255513,2,2,4
1960,1996,3,1,0.7048347273538411,3,1,5
2002,2020,5,3,0.1021778878212668,1,3,4
2002,2020,5,2,0.5879868240993549,1,3,2
1982,2018,2,2,0.18366915330231048,3,1,3
1972,1997,3,2,0.34136379570647246,1,3,4
1966,1995,3,2,0.6800218667499379,1,1,3
1989,2013,5,1,0.6726956896133284,1,2,4
1977,2005,3,4,0.6441875871832711,2,3,1
2000,2020,5,2,0.3229239398558704,2,3,3
1972,2011,2,3,0.010489296898689715,3,2,5
1982,2005,3,2,0.5730344545686333,1,2,1
1985,2012,2,1,0.25548091829408914,2,2,4
1962,1980,1,3,0.9688178194007254,3,1,4
1985,2010,5,2,0.241268964082198,1,1,1
1985,2011,3,3,0.8416618553367986,1,2,4
1994,2020,4,4,0.3301249390545469,1,2,2
1975,2001,2,2,0.7212000338948293,1,1,4
1998,2020,3,3,0.6258568425194702,2,3,4
1966,2001,1,2,0.4097188144746734,2,1,3
1994,2020,4,1,0.3581931947401247,1,1,5
1981,2008,3,4,0.7809193998188254,1,3,3
1971,1989,4,3,0.13159018533037548,2,3,3
1962,1993,4,4,0.981826094296005,1,3,4
1987,2018,5,1,0.768567875822378,3,3,5
2000,2020,2,2,0.29852057342479243,3,3,5
1979,2017,2,2,0.6241474112276599,1,1,5
1980,2004,5,2,0.2704632771793485,2,3,2
1975,1997,3,4,0.7418786900304315,2,3,1
1993,2020,1,1,0.4664581949198474,3,2,5
1974,2007,5,4,0.9300920153217294,2,2,5
1974,2011,5,4,0.496095155028648,3,2,2
1966,1991,5,3,0.37446695409588493,2,3,4
1988,2010,3,2,0.28201278110862216,1,2,2
1969,2005,2,3,0.05626250798047361,1,3,3
1969,1994,3,1,0.44729246753382,3,1,4
1968,1986,2,1,0.9082225764235639,2,2,4
1988,2020,2,4,0.27318368423516526,1,1,1
2001,2020,2,2,0.4361956740783396,2,1,3
1970,1989,5,2,0.7184113973413718,1,1,4
1999,2020,4,4,0.8867221474886425,1,1,2
1986,2016,1,2,0.9588204142882273,3,2,1
1992,2020,4,4,0.5945047937288954,1,2,4
1984,2012,2,1,0.9692417339397544,1,3,2
1970,1993,2,2,0.11885465801801043,3,3,4
1990,2017,1,4,0.7345893087164239,3,2,5
1987,2008,4,3,0.9746534838763588,3,3,4
1989,2020,1,2,0.5160727846594159,2,2,5
1983,2003,3,2,0.6692690080900034,3,2,3
1960,1985,2,1,0.933751480433112,3,3,1
1992,2017,4,2,0.6421788790273892,2,1,2
1979,2002,2,3,0.3752843331926692,2,2,5
1960,1980,3,2,0.2838506233947281,2,3,1
1996,2020,3,4,0.44245252327978024,2,2,5
1977,2001,2,3,0.18584907722137345,1,2,1
1961,1980,4,1,0.9600619550092307,3,2,4
1984,2019,4,4,0.5825690392607099,3,3,4
1993,2020,2,4,0.9411547351614482,2,2,2
1970,2004,5,3,0.9641264559648703,1,1,2
1983,2013,2,4,0.7125037913046153,2,1,4
1984,2014,2,4,0.33394917736797125,3,3,4
1964,1996,4,3,0.6273610198879015,2,3,2
1994,2020,2,3,0.7662039821017286,2,3,5
1967,1992,2,4,0.03614847884455519,2,2,2
2001,2020,2,3,0.6282885398414891,1,1,5
2001,2020,2,2,0.816130200969171,2,2,5
1993,2020,2,2,0.9007139279046688,3,3,4
1992,2016,3,2,0.21616334618899413,2,2,5
1977,2010,2,2,0.9441196166332506,3,2,1
1987,2020,4,4,0.10811295452143677,2,2,1
1995,2020,5,2,0.2086427290655597,1,2,4
1971,1991,3,4,0.768899381193964,3,2,1
1965,1986,2,4,0.17241690050103997,1,2,2
1976,2000,3,3,0.8713807263590707,3,3,2
1996,2016,1,2,0.0757304239059785,1,1,4
1998,2020,2,3,0.35231455408367485,1,2,3
1983,2016,5,1,0.5666860795528422,2,3,2
1970,2004,2,1,0.4851508860317839,3,3,5
1987,2020,3,3,0.5367597674712983,2,3,1
2000,2020,1,1,0.7112563175741567,1,2,2
1989,2020,2,1,0.7110978388237793,2,2,2
1992,2016,1,4,0.25300131699735606,3,2,2
1974,2009,3,2,0.14748779231963527,3,2,2
1997,2020,2,3,0.2989822334983301,1,2,2
1999,2020,4,3,0.29226876245102873,1,2,1
1960,1986,2,4,0.5827427398208612,3,2,2
1963,1993,4,3,0.7718463774360405,1,1,5
2001,2020,3,1,0.7204913558801097,1,1,2
1991,2020,2,1,0.25868609470828074,3,3,1
1982,2005,1,1,0.32769495460448006,3,2,3
1971,1995,1,4,0.520839615016734,2,3,5
1989,2020,5,3,0.7807504426009314,3,1,3
1981,2020,4,2,0.4102234024459601,3,2,2
1969,1997,5,4,0.5906873796853618,1,1,4
1981,1999,5,4,0.1037507162189899,3,2,2
1962,1986,2,2,0.9319551301505987,2,1,2
1963,1993,4,1,0.9543423804656508,2,1,3
1996,2020,2,3,0.534924906633127,2,1,2
1972,2008,4,2,0.7426632552198678,1,2,3
1969,1994,4,3,0.07746538612564102,3,2,2
2001,2020,5,1,0.5682308235104159,3,2,1
1988,2010,3,1,0.7114534709111823,1,3,5
1967,1986,3,2,0.4330048181656879,3,2,2
1998,2020,5,2,0.5161362050524114,2,1,5
1990,2017,4,4,0.3021030713111208,1,1,5
1977,2006,1,4,0.761980410387475,2,1,1
1961,1998,2,1,0.8919957940640125,2,1,1
1996,2020,3,4,0.40185424900667654,3,1,2
1964,2002,1,1,0.49972575740728364,2,3,5
1987,2015,2,4,0.8563179107002261,1,1,2
1984,2020,1,2,0.266590283586142,2,3,5
1993,2014,2,1,0.528613054406744,1,1,5
1964,1985,5,4,0.8276462541376489,1,1,3
1963,1998,3,2,0.5931864851810666,1,3,2
1974,1994,2,3,0.7024256003750613,1,3,1
1993,2018,1,2,0.18646281992686387,2,1,4
1985,2018,3,4,0.05958912223372703,2,2,3
1976,2006,3,1,0.16578310960906373,3,1,1
1999,2017,2,1,0.5545707311573119,3,1,4
1994,2018,1,4,0.3924933772071517,1,1,3
1984,2018,5,3,0.8972739892975454,1,3,1
1961,1982,5,4,0.08020194542166059,3,1,3
1974,2006,2,2,0.16737917119937806,2,2,4
1965,1995,2,1,0.40028420553073263,1,1,3
1961,1979,3,3,0.0819821469886084,3,1,5
1973,2001,4,3,0.9700518439834416,2,3,3
1978,2013,5,2,0.09231765769704725,2,3,5
1962,1990,4,3,0.5739571766939076,1,1,5
1979,2006,1,2,0.7857081848024826,1,3,5
1991,2020,2,1,0.37023735503016986,2,2,3
1982,2002,3,2,0.5149272431066734,1,1,2
1975,2006,2,3,0.9985198641274433,1,3,3
1969,2006,5,3,0.9136759632376742,2,1,4
1983,2020,4,3,0.2876629319774642,2,1,4
1986,2010,3,3,0.5259284071423397,1,2,3
1979,2001,4,4,0.6102816770247044,1,3,3
1985,2020,3,4,0.26089592550889895,1,1,1
1984,2006,4,4,0.23533370671093157,1,1,4
1970,2007,3,2,0.9859293068073554,2,1,4
1971,2006,3,3,0.9835467515545344,3,1,5
1991,2017,2,3,0.4119660127981679,2,2,4
1965,1984,2,3,0.1801493490322852,3,2,3
1995,2020,2,3,0.1185588836739474,1,3,2
1964,1995,4,3,0.07589190987014482,2,3,5
1975,1993,5,4,0.21027919482451907,2,2,2
1985,2014,5,1,0.44585512501439295,1,3,3
1971,1997,3,1,0.04867161537457343,1,1,3
1975,2005,4,3,0.3703367662431919,2,2,3
1963,1992,5,4,0.17588563162015713,2,3,4
1977,2009,3,2,0.7460069833376545,3,2,4
1990,2020,3,2,0.12896154785462322,3,1,5
1993,2020,3,1,0.5429795705465021,3,1,3
1977,2003,4,4,0.020551246972024373,1,1,5
1971,2007,3,4,0.46135895365833757,1,3,1
1986,2020,3,3,0.5162592023232545,1,1,3
1998,2020,5,4,0.894595718704431,2,2,4
1969,1989,3,3,0.26871721599787457,3,2,4
1983,2012,2,3,0.9442694133443379,1,1,1
1984,2020,2,4,0.6206006872246557,3,2,1
2002,2020,5,2,0.9739409302699213,3,2,1
2001,2020,3,3,0.1851552988970382,3,2,3
1966,1989,4,4,0.9762198187272777,1,1,2
1964,1988,3,2,0.1726739277746815,1,3,1
1977,2001,1,2,0.4773283903453758,1,1,1
2002,2020,5,1,0.12665536281594736,2,1,3
1981,2020,1,4,0.01562055446973376,3,3,5
1995,2020,1,4,0.48460202700563015,2,3,4
1994,2020,2,4,0.6100943808969478,3,3,5
1996,2020,4,4,0.8376114438382294,2,3,2
2002,2020,3,2,0.6001319895316918,1,1,3
1989,2020,1,4,0.6353074880829636,3,3,4
2002,2020,2,4,0.8717267348931119,2,2,2
1974,2006,4,1,0.425776225619552,2,1,4
1985,2010,4,3,0.7309918977856161,2,3,1
1999,2020,5,4,0.17485572434536856,2,3,4
1980,2017,4,1,0.7743017201136746,2,1,5
1995,2020,5,4,0.19114283030223045,3,3,2
1983,2009,4,4,0.5639797970280706,1,3,2
1996,2019,1,3,0.46797996673481923,1,1,5
1989,2017,1,2,0.21684982852400947,3,3,4
1967,1991,3,2,0.2177307205502681,3,2,2
2001,2020,2,1,0.1389416494130704,1,3,5
1980,2012,5,3,0.01036903058196792,2,2,4
1991,2020,5,2,0.7735435597097595,1,2,2
1994,2017,3,3,0.12239459950708675,3,1,5
1985,2016,2,1,0.49978182436178864,3,1,1
2002,2020,2,4,0.3848555445521059,1,2,5
1985,2005,5,3,0.6643708835730335,3,2,5
1994,2019,2,1,0.39942179411316137,2,3,4
1998,2020,2,4,0.09936136508453042,2,3,1
1995,2020,5,1,0.7972304888180727,1,2,5
1979,2014,4,2,0.8905181993719119,2,3,5
1961,1991,1,3,0.0068121963391748475,3,1,4
1962,1986,4,3,0.7355756206753638,1,2,1
1979,2008,2,2,0.8016695056985328,1,1,1
1981,2018,2,1,0.9069254241447594,2,3,2
1989,2020,4,2,0.21204949758808456,3,1,4
1996,2020,3,4,0.13074540697362902,1,1,1
1967,1998,3,1,0.5249894519816765,1,1,2
1975,1995,4,4,0.3286140576238564,2,3,2
1997,2020,4,4,0.9780462858466531,1,3,1
1974,2003,5,1,0.25666794731055975,2,1,5
1974,2010,5,2,0.13056217250983804,3,2,4
1971,1999,3,3,0.5129156787616487,1,1,4
1967,1998,3,2,0.6665911140221809,2,2,4
1976,2010,3,4,0.7297621026487177,3,3,3
1960,1995,1,3,0.8231045206357039,1,3,2
1966,1996,5,2,0.6874139198330592,2,2,5
1995,2020,1,2,0.620749244131118,2,2,1
1975,2012,4,2,0.35081418124552266,2,3,5
1967,1995,3,1,0.40478704211235117,2,2,2
1990,2020,3,1,0.7332218287429575,2,2,4
1974,1996,4,4,0.15689261809877975,1,1,1
2001,2020,3,1,0.3494733329974681,3,1,5
2000,2020,3,4,0.6763105151284334,1,3,1
1961,1986,1,1,0.11836199446763895,2,1,1
1971,1992,2,1,0.6480683209863727,2,3,4
1973,2012,5,3,0.6381214107648662,3,1,1
1960,1987,1,4,0.47302531093354816,3,3,1
1988,2020,3,1,0.2669416967372168,2,2,1
1975,1994,4,1,0.5475744156979213,2,2,2
1971,1991,3,3,0.755642123641624,2,3,4
1988,2020,4,4,0.24548462778161884,2,1,5
1978,2001,4,1,0.14388174169135115,2,3,1
1986,2020,5,4,0.7659764811902057,1,3,5
1983,2008,5,1,0.44195006599184605,3,2,2
2001,2020,2,1,0.43744978862051165,3,2,4
1974,1993,3,1,0.5543676469907172,2,2,1
1960,1992,3,4,0.5019222294152994,2,3,2
1987,2019,5,4,0.8004172959393607,1,2,3
1975,1996,5,3,0.8917744873393588,1,1,2
1965,2003,5,3,0.31300108579237995,3,1,4
1985,2018,2,1,0.19805555147767195,2,1,4
1985,2005,5,1,0.9433820486547585,3,3,2
1962,1995,3,4,0.6882005342417391,2,2,3
1963,1994,4,3,0.1234183188185134,2,3,2
1980,2011,4,4,0.1274348693282764,3,3,1
1971,2003,3,1,0.4755500587887689,3,3,2
1998,2020,2,1,0.800386193704495,2,3,1
1966,1996,3,1,0.6386337351333682,3,1,4
1982,2020,2,1,0.9101920253638217,2,1,1
1960,1990,3,2,0.7619872779960427,2,1,2
1992,2020,5,1,0.7109473914248639,3,3,2
1984,2019,3,2,0.6279062697052438,3,1,2
1971,2002,5,4,0.24130299420872692,3,3,4
1987,2014,5,4,0.7037809160551979,3,3,5
1988,2020,1,4,0.7812668060027678,3,1,4
1988,2010,2,4,0.09528295260731989,1,2,5
1999,2020,3,1,0.05279849605845144,2,1,2
1992,2014,4,3,0.48406676576491925,1,1,4
1976,2008,4,3,0.8155993823236803,1,1,4
1965,2003,5,3,0.1512038077937332,2,3,3
1987,2014,3,3,0.5111689012605638,1,3,2
1995,2016,4,3,0.7603767797225494,2,1,3
1962,1992,3,2,0.4682461281949337,2,1,1
1990,2013,1,2,0.5839144471846596,2,3,5
1971,1990,1,4,0.14182658057388686,1,2,3
1998,2020,4,1,0.277497977219883,1,1,5
1964,2003,5,2,0.8516275884342492,3,2,3
1990,2011,2,2,0.5145459734680236,2,3,2
1965,2000,4,4,0.9413501669420936,1,3,4
1967,1996,1,3,0.5700504949516112,3,1,2
1999,2020,4,3,0.5980975414421869,3,3,3
1979,2009,3,1,0.8103059909414038,3,2,4
1960,1984,1,1,0.7990439342603005,1,3,4
1980,2003,5,3,0.4693626167003234,3,3,5
2001,2020,4,3,0.7850033267884067,2,1,1
1998,2020,4,2,0.1206625299278038,1,3,2
1979,2018,1,1,0.6581971668430685,3,2,2
2002,2020,4,3,0.6729916404886194,1,3,5
1985,2010,5,4,0.7231920665698404,2,1,3
1982,2007,4,2,0.38399217400043983,2,3,4
2000,2020,3,4,0.058121374497620226,3,3,2
1978,2006,2,1,0.23080639342016174,2,3,1
1982,2007,2,3,0.29414273421892256,2,2,2
1962,1999,5,2,0.011403284780431178,2,2,1
1993,2020,1,2,0.8437528612798981,3,3,4
1975,2006,2,1,0.58878062962133,3,1,5
1984,2004,5,2,0.25599586229443116,2,1,2
1984,2004,3,1,0.16478844346319244,1,2,2
1973,1997,5,3,0.2828250123638725,2,1,2
1986,2020,3,4,0.7017089973655822,1,2,3
1962,1984,3,2,0.17776355104321795,3,2,1
2002,2020,5,4,0.6685500854052616,2,1,5
2002,2020,1,2,0.8375993124882676,2,2,5
2000,2020,4,2,0.6253023479385701,3,3,5
1971,1997,3,2,0.24910177420903412,2,1,1
1994,2020,4,2,0.7635813685606396,2,2,1
1981,2013,5,2,0.1775374294960681,2,2,3
1989,2016,4,3,0.3006472141196689,3,1,3
1987,2018,4,4,0.906436888671439,1,2,1
1997,2020,4,1,0.7731500326827944,2,2,5
1986,2007,4,3,0.5350863336220182,1,1,3
1976,1996,3,1,0.9131199460293259,1,1,2
1974,2013,3,2,0.35279078757158744,2,2,2
1973,2006,5,1,0.5569586411295578,3,1,5
2000,2020,4,2,0.2288779881158014,2,3,4
1964,1986,1,3,0.5293228442893735,2,1,5
1992,2017,5,2,0.13260009417865792,1,1,3
1989,2020,1,1,0.8064537622802099,1,3,4
1989,2020,2,4,0.5594436848683275,1,2,1
1968,2004,4,4,0.17616394070242225,1,1,4
1978,1998,1,4,0.44408542635965464,2,2,3
1960,1999,3,1,0.6447450962089629,3,3,1
1970,1999,2,1,0.2172181926657737,2,3,5
1965,1994,3,3,0.4643914515199117,1,1,4
1969,1998,2,4,0.9094496765635948,2,2,5
2001,2020,5,4,0.4187015083832186,1,1,3
1986,2020,2,4,0.9791042070892974,2,3,1
1972,1996,3,3,0.05243002289618914,3,3,4
1997,2020,1,2,0.7697428590432027,2,1,2
1977,2009,5,1,0.6691868999799758,1,1,3
1960,1995,3,1,0.7373887526271712,2,1,5
1972,2000,3,4,0.12237410828708595,2,1,3
1992,2014,3,2,0.5642709276273926,2,1,4
1995,2020,5,1,0.4282256236810028,1,1,5
1971,2005,1,1,0.5799439622422834,3,2,1
1978,2016,3,4,0.7335601714531372,2,1,2
1999,2020,3,3,0.9591923173233095,3,1,1
1971,1995,2,2,0.9747724874770016,3,1,2
2001,2020,4,4,0.8772607480032096,1,3,1
1961,1998,5,3,0.3820324107105725,2,2,3
2001,2020,1,4,0.7231093454979836,3,3,5
1968,1986,4,4,0.11061174417789132,3,1,5
1975,2003,4,4,0.01806821429241201,1,1,2
1995,2013,2,1,0.1982993749408143,2,2,4
1990,2015,2,3,0.08160529255328919,1,3,1
1984,2012,3,2,0.32773502314795855,2,1,3
1997,2020,5,2,0.23907470046236867,3,1,5
1986,2020,3,2,0.6285571352819651,2,1,4
1975,2010,1,2,0.5420934467828066,3,1,4
1969,2007,5,2,0.5538477369105443,2,1,4
1975,2009,5,1,0.5736178400191262,3,2,2
1999,2020,1,4,0.7945288879782159,2,2,4
2002,2020,2,3,0.5879215723187716,1,2,4
1978,2006,5,4,0.9106774897316356,2,1,3
1960,1984,1,3,0.42316716458570236,3,2,2
1963,2003,4,2,0.4379023811337671,3,1,3
1996,2020,5,3,0.3139378548980497,1,1,4
1986,2006,2,2,0.9230705651704866,2,2,1
1968,1995,1,2,0.0983566787680088,2,1,3
1975,2012,4,1,0.9070542166888416,3,2,1
1986,2012,5,1,0.6245760174561867,3,1,4
1971,1990,1,3,0.5841442085721362,3,2,2
1971,1996,5,4,0.7297180106636081,3,2,1
1973,2006,1,1,0.3855454109555132,1,1,1
1970,1998,3,2,0.6797912681804172,2,3,2
1989,2020,1,2,0.5035417682787806,3,1,5
1970,2010,3,2,0.546485955902198,3,2,5
1970,1998,5,4,0.4140726492659135,2,2,5
1998,2020,3,4,0.14588553873996735,3,1,5
1984,2003,5,1,0.8989536500230978,1,2,5
1996,2020,1,4,0.6561226908993626,1,1,2
1981,2017,5,4,0.635418820268734,1,1,1
1972,1991,3,1,0.8127231412623632,3,1,4
1971,1996,4,1,0.0999598837977036,2,1,4
1999,2020,2,4,0.8535927319861397,3,1,4
1971,2005,4,1,0.3783994271473996,3,3,3
1991,2013,5,2,0.44928812884770963,3,3,4
1973,2000,3,4,0.6455254255974348,1,2,2
1973,2004,5,3,0.46014834769574575,3,1,4
1993,2020,3,1,0.8700150496340261,3,2,1
1979,2014,1,4,0.21289782745843722,3,1,3
1986,2017,3,2,0.13962338643098948,3,2,1
1999,2017,1,3,0.05473872857914752,2,2,4
1993,2018,4,1,0.48715624383503253,3,3,3
1989,2020,3,4,0.2371243263068077,1,2,3
1987,2014,1,4,0.2794170601846224,1,3,1
1997,2018,3,3,0.54824370342026,1,2,5
1997,2020,4,4,0.5427371015112147,3,2,5
2001,2020,4,4,0.7720780407747804,2,2,5
1997,2020,3,4,0.5530863280082969,3,2,3
1969,1990,1,2,0.7381221874121889,1,3,1
1995,2020,1,1,0.9611895238621752,3,3,3
1979,2019,4,1,0.1713753497299788,3,2,2
1990,2009,5,4,0.6486046409695532,1,1,1
1996,2019,1,4,0.8397774122961492,2,2,3
1961,1982,5,1,0.24679074597770634,3,1,5
2000,2020,4,1,0.44391093359888734,1,3,2
1975,2000,4,4,0.2535706595482209,1,2,3
1961,1986,4,1,0.9264803466173559,3,1,2
1967,2005,3,2,0.8653397079241503,1,2,4
1973,2012,3,2,0.685206589582393,1,2,5
1986,2008,5,3,0.4987238979852917,1,1,3
1982,2000,4,3,0.2782282771129717,1,2,5
1984,2018,1,3,0.6918059160892773,2,3,5
1979,2016,5,3,0.6780782081963412,1,1,2
2001,2020,5,4,0.11207996149436328,1,1,3
1994,2020,4,1,0.7094678145738513,1,1,1
1986,2010,3,3,0.40056558977184364,3,2,5
1982,2007,4,1,0.8780402023726972,2,2,4
1975,2012,5,1,0.13823789824073096,3,2,1
1978,2003,4,4,0.7130235239557924,1,3,4
1984,2018,4,4,0.044463661690398504,2,2,4
1988,2018,5,2,0.577544087670974,2,2,5
1989,2015,5,2,0.8309430909377984,2,3,4
1965,2001,2,1,0.5789540738913808,3,2,5
1982,2005,2,1,0.06559844538058457,1,1,5
1997,2020,2,2,0.16587163310729836,3,3,5
1997,2020,2,4,0.9681073384174925,3,2,1
1998,2020,4,2,0.07514011996014092,3,3,5
1986,2010,4,2,0.4791419672870284,2,3,3
1983,2020,2,4,0.557457722893668,2,2,3
1960,1998,2,2,0.08143046209956384,1,1,2
1979,2013,2,4,0.42695040138616236,3,3,4
1961,1990,4,2,0.06092052117504476,3,1,5
1982,2018,3,1,0.5721300488853523,2,2,4
1961,1992,1,2,0.6735286153085607,3,2,5
1997,2019,5,4,0.8121478103620796,1,2,4
1982,2013,1,4,0.5952942140962844,2,1,5
1962,2002,2,2,0.12706935691853527,3,3,4
1960,1992,1,2,0.9987836913702024,2,1,2
1961,1988,5,2,0.0400792800652795,2,3,2
1963,2003,2,4,0.42158137385288696,2,1,2
1989,2007,3,2,0.18211990283506185,3,1,2
